<?xml version="1.0" encoding="utf-8"?>
<COLLADA xmlns="http://www.collada.org/2005/11/COLLADASchema" version="1.4.1">
  <asset><contributor><author>Mixamo</author><authoring_tool>COLLADA Mixamo exporter</authoring_tool><comments></comments></contributor><created>2018-12-18T18:09:43Z</created><modified>2018-12-18T18:09:43Z</modified><revision></revision><title></title><unit meter="0.010000"/><up_axis>Y_UP</up_axis></asset>
  <library_animations>
    <animation id="mixamorig_Hips-anim" name="mixamorig_Hips"><source id="mixamorig_Hips-Matrix-animation-input"><float_array id="mixamorig_Hips-Matrix-animation-input-array" count="149">

0.000000 0.033333 0.066667 0.100000 0.133333 0.166667 0.200000 0.233333 0.266667 0.300000 0.333333 0.366667 0.400000 0.433333 0.466667 0.500000
0.533333 0.566667 0.600000 0.633333 0.666667 0.700000 0.733333 0.766667 0.800000 0.833333 0.866667 0.900000 0.933333 0.966667 1.000000 1.033333
1.066667 1.100000 1.133333 1.166667 1.200000 1.233333 1.266667 1.300000 1.333333 1.366667 1.400000 1.433333 1.466667 1.500000 1.533333 1.566667
1.600000 1.633333 1.666667 1.700000 1.733333 1.766667 1.800000 1.833333 1.866667 1.900000 1.933333 1.966667 2.000000 2.033333 2.066667 2.100000
2.133333 2.166667 2.200000 2.233333 2.266667 2.300000 2.333333 2.366667 2.400000 2.433333 2.466667 2.500000 2.533333 2.566667 2.600000 2.633333
2.666667 2.700000 2.733333 2.766667 2.800000 2.833333 2.866667 2.900000 2.933333 2.966667 3.000000 3.033333 3.066667 3.100000 3.133333 3.166667
3.200000 3.233333 3.266667 3.300000 3.333333 3.366667 3.400000 3.433333 3.466667 3.500000 3.533333 3.566667 3.600000 3.633333 3.666667 3.700000
3.733333 3.766667 3.800000 3.833333 3.866667 3.900000 3.933333 3.966667 4.000000 4.033333 4.066667 4.100000 4.133333 4.166667 4.200000 4.233333
4.266667 4.300000 4.333333 4.366667 4.400000 4.433333 4.466667 4.500000 4.533333 4.566667 4.600000 4.633333 4.666667 4.700000 4.733333 4.766667
4.800000 4.833333 4.866667 4.900000 4.933333</float_array><technique_common><accessor source="#mixamorig_Hips-Matrix-animation-input-array" count="149"><param name="TIME" type="float"/></accessor></technique_common></source><source id="mixamorig_Hips-Matrix-animation-output-transform"><float_array id="mixamorig_Hips-Matrix-animation-output-transform-array" count="2384">

0.989707 0.023076 -0.141238 -0.478813 -0.018810 0.999328 0.031471 100.837257 0.141870 -0.028491 0.989475 1.950937 0.000000 0.000000 0.000000 1.000000
0.989711 0.023251 -0.141177 -0.490804 -0.019066 0.999340 0.030925 100.829025 0.141803 -0.027916 0.989501 1.940597 0.000000 0.000000 0.000000 1.000000
0.989695 0.022414 -0.141427 -0.492528 -0.018419 0.999395 0.029492 100.823334 0.142003 -0.026583 0.989509 1.933583 0.000000 0.000000 0.000000 1.000000
0.989767 0.023367 -0.140768 -0.474339 -0.019471 0.999390 0.028989 100.812057 0.141359 -0.025952 0.989618 1.975596 0.000000 0.000000 0.000000 1.000000
0.990264 0.027517 -0.136457 -0.461166 -0.023892 0.999319 0.028137 100.748283 0.137138 -0.024603 0.990246 2.159506 0.000000 0.000000 0.000000 1.000000
0.991312 0.032745 -0.127387 -0.457063 -0.028149 0.998892 0.037713 100.649094 0.128480 -0.033800 0.991136 2.594064 0.000000 0.000000 0.000000 1.000000
0.992849 0.043614 -0.111124 -0.522378 -0.035048 0.996344 0.077906 100.569763 0.114115 -0.073455 0.990748 3.307533 0.000000 0.000000 0.000000 1.000000
0.994358 0.055459 -0.090420 -0.672555 -0.042889 0.989853 0.135468 100.429176 0.097015 -0.130826 0.986647 4.195100 0.000000 0.000000 0.000000 1.000000
0.995556 0.061788 -0.071061 -0.866476 -0.046986 0.979918 0.193785 100.123085 0.081607 -0.189585 0.978467 5.153706 0.000000 0.000000 0.000000 1.000000
0.996409 0.061761 -0.057921 -1.104716 -0.046101 0.969501 0.240713 99.680984 0.071021 -0.237178 0.968867 6.079593 0.000000 0.000000 0.000000 1.000000
0.996777 0.059960 -0.053305 -1.474313 -0.043391 0.961756 0.270448 99.191383 0.067482 -0.267263 0.961258 6.897885 0.000000 0.000000 0.000000 1.000000
0.996632 0.060446 -0.055408 -1.946826 -0.041819 0.955920 0.290635 98.739037 0.070534 -0.287339 0.955228 7.604130 0.000000 0.000000 0.000000 1.000000
0.996213 0.062865 -0.060058 -2.560724 -0.041162 0.949490 0.311086 98.402626 0.076581 -0.307436 0.948482 8.183715 0.000000 0.000000 0.000000 1.000000
0.995810 0.064105 -0.065214 -3.266078 -0.039017 0.942821 0.331008 98.162292 0.082704 -0.327077 0.941372 8.638886 0.000000 0.000000 0.000000 1.000000
0.995427 0.062277 -0.072427 -4.003700 -0.032855 0.935202 0.352588 98.002487 0.089692 -0.348596 0.932972 8.993587 0.000000 0.000000 0.000000 1.000000
0.994886 0.055319 -0.084505 -4.643344 -0.020943 0.931472 0.363209 97.872833 0.098806 -0.359582 0.927868 9.180969 0.000000 0.000000 0.000000 1.000000
0.994299 0.049585 -0.094395 -5.242408 -0.011795 0.931006 0.364812 97.742722 0.105971 -0.361619 0.926284 9.225724 0.000000 0.000000 0.000000 1.000000
0.994438 0.045405 -0.095034 -5.882950 -0.007309 0.929879 0.367793 97.619705 0.105070 -0.365053 0.925039 9.259686 0.000000 0.000000 0.000000 1.000000
0.994908 0.039007 -0.092930 -6.498827 -0.001919 0.929232 0.369493 97.523224 0.100767 -0.367433 0.924575 9.251936 0.000000 0.000000 0.000000 1.000000
0.995241 0.029641 -0.092823 -7.029875 0.006370 0.930779 0.365527 97.401527 0.097232 -0.364379 0.926161 9.175204 0.000000 0.000000 0.000000 1.000000
0.995204 0.024676 -0.094657 -7.500354 0.011902 0.929926 0.367554 97.267479 0.097093 -0.366917 0.925173 9.097425 0.000000 0.000000 0.000000 1.000000
0.994863 0.020370 -0.099160 -7.912429 0.017736 0.929318 0.368854 97.230080 0.099665 -0.368718 0.924183 9.012705 0.000000 0.000000 0.000000 1.000000
0.994483 0.002391 -0.104875 -8.171188 0.033954 0.938584 0.343375 97.277573 0.099255 -0.345041 0.933325 8.805650 0.000000 0.000000 0.000000 1.000000
0.993723 -0.017851 -0.110434 -8.352903 0.051908 0.948057 0.313838 97.357895 0.099096 -0.317601 0.943032 8.548130 0.000000 0.000000 0.000000 1.000000
0.992048 -0.037630 -0.120102 -8.546271 0.070958 0.955362 0.286789 97.550201 0.103949 -0.293031 0.950435 8.307825 0.000000 0.000000 0.000000 1.000000
0.989209 -0.062198 -0.132656 -8.780973 0.094281 0.963281 0.251397 97.856689 0.112149 -0.261191 0.958750 8.062174 0.000000 0.000000 0.000000 1.000000
0.985526 -0.088944 -0.144318 -9.061615 0.118585 0.970060 0.211946 98.193413 0.121146 -0.225992 0.966567 7.809783 0.000000 0.000000 0.000000 1.000000
0.981889 -0.114542 -0.150912 -9.387474 0.140077 0.975229 0.171193 98.474747 0.127565 -0.189231 0.973611 7.548661 0.000000 0.000000 0.000000 1.000000
0.979943 -0.136706 -0.144991 -9.758562 0.155419 0.979687 0.126721 98.639961 0.124722 -0.146714 0.981285 7.291844 0.000000 0.000000 0.000000 1.000000
0.980245 -0.148497 -0.130647 -10.189901 0.161370 0.982393 0.094144 98.695755 0.114367 -0.113367 0.986949 7.097809 0.000000 0.000000 0.000000 1.000000
0.979709 -0.160697 -0.119782 -10.561437 0.169414 0.983301 0.066476 98.701797 0.107099 -0.085420 0.990572 6.978230 0.000000 0.000000 0.000000 1.000000
0.976658 -0.181008 -0.115652 -10.744637 0.185814 0.982059 0.032133 98.661827 0.107761 -0.052873 0.992770 6.895415 0.000000 0.000000 0.000000 1.000000
0.971367 -0.204865 -0.120318 -10.717479 0.206007 0.978546 -0.003004 98.662292 0.118353 -0.021868 0.992731 6.850182 0.000000 0.000000 0.000000 1.000000
0.963578 -0.230576 -0.135468 -10.461016 0.227495 0.973037 -0.038015 98.704567 0.140581 0.005812 0.990052 6.810770 0.000000 0.000000 0.000000 1.000000
0.952959 -0.259407 -0.156772 -10.021811 0.250083 0.965167 -0.076880 98.726242 0.171255 0.034057 0.984638 6.783405 0.000000 0.000000 0.000000 1.000000
0.941951 -0.283192 -0.180362 -9.462607 0.267396 0.957617 -0.107090 98.717224 0.203045 0.052645 0.977753 6.755975 0.000000 0.000000 0.000000 1.000000
0.933004 -0.295968 -0.204711 -8.851481 0.274628 0.953199 -0.126457 98.726143 0.232558 0.061766 0.970619 6.644942 0.000000 0.000000 0.000000 1.000000
0.928099 -0.298172 -0.222993 -8.239921 0.272138 0.951978 -0.140283 98.792793 0.254113 0.069511 0.964673 6.487930 0.000000 0.000000 0.000000 1.000000
0.928763 -0.290362 -0.230409 -7.653435 0.262950 0.954217 -0.142572 98.867706 0.261258 0.071830 0.962593 6.335607 0.000000 0.000000 0.000000 1.000000
0.932029 -0.284231 -0.224800 -7.089783 0.257266 0.955861 -0.141930 98.863640 0.255218 0.074449 0.964013 6.159111 0.000000 0.000000 0.000000 1.000000
0.937074 -0.278151 -0.211007 -6.587342 0.251455 0.956977 -0.144794 98.834503 0.242204 0.082624 0.966701 5.961040 0.000000 0.000000 0.000000 1.000000
0.941946 -0.270804 -0.198501 -6.085668 0.243666 0.958069 -0.150769 98.793404 0.231007 0.093648 0.968435 5.747459 0.000000 0.000000 0.000000 1.000000
0.944391 -0.266717 -0.192320 -5.579434 0.238197 0.958103 -0.159065 98.748398 0.226688 0.104409 0.968355 5.516277 0.000000 0.000000 0.000000 1.000000
0.946536 -0.262980 -0.186847 -5.151732 0.233294 0.958034 -0.166569 98.727791 0.222810 0.114073 0.968165 5.235610 0.000000 0.000000 0.000000 1.000000
0.951655 -0.253201 -0.173904 -4.782060 0.225645 0.960389 -0.163514 98.775520 0.208418 0.116369 0.971092 4.980879 0.000000 0.000000 0.000000 1.000000
0.956559 -0.244325 -0.159057 -4.468884 0.219979 0.962920 -0.156189 98.827957 0.191320 0.114415 0.974836 4.744235 0.000000 0.000000 0.000000 1.000000
0.961688 -0.234843 -0.141436 -4.226404 0.213548 0.965240 -0.150694 98.831573 0.171909 0.114717 0.978411 4.502873 0.000000 0.000000 0.000000 1.000000
0.968454 -0.218795 -0.119273 -4.112428 0.201545 0.969211 -0.141458 98.781868 0.146551 0.112956 0.982733 4.271616 0.000000 0.000000 0.000000 1.000000
0.975225 -0.199354 -0.095885 -4.149563 0.186275 0.973840 -0.130143 98.697212 0.119322 0.109058 0.986848 4.063671 0.000000 0.000000 0.000000 1.000000
0.980929 -0.180239 -0.072746 -4.297413 0.170534 0.977670 -0.122796 98.594398 0.093254 0.108049 0.989762 3.853720 0.000000 0.000000 0.000000 1.000000
0.985378 -0.162132 -0.052383 -4.558900 0.155225 0.981001 -0.116373 98.504883 0.070256 0.106540 0.991823 3.670630 0.000000 0.000000 0.000000 1.000000
0.988684 -0.145315 -0.037242 -4.901298 0.140352 0.983709 -0.112328 98.415512 0.052958 0.105830 0.992973 3.520817 0.000000 0.000000 0.000000 1.000000
0.990847 -0.131973 -0.028379 -5.317746 0.127903 0.985070 -0.115229 98.324768 0.043162 0.110544 0.992934 3.397199 0.000000 0.000000 0.000000 1.000000
0.992154 -0.122955 -0.022638 -5.819308 0.119351 0.985412 -0.121319 98.230988 0.037225 0.117665 0.992355 3.308886 0.000000 0.000000 0.000000 1.000000
0.993003 -0.116642 -0.018412 -6.394834 0.113374 0.985325 -0.127594 98.138550 0.033025 0.124614 0.991656 3.249971 0.000000 0.000000 0.000000 1.000000
0.993722 -0.110791 -0.015531 -7.072267 0.107767 0.985240 -0.133000 98.053009 0.030037 0.130491 0.990994 3.211380 0.000000 0.000000 0.000000 1.000000
0.994561 -0.103111 -0.014725 -7.870798 0.100240 0.985950 -0.133624 97.967888 0.028296 0.131421 0.990923 3.216777 0.000000 0.000000 0.000000 1.000000
0.995633 -0.092074 -0.015395 -8.765765 0.089371 0.987767 -0.127782 97.908417 0.026972 0.125848 0.991683 3.314544 0.000000 0.000000 0.000000 1.000000
0.996811 -0.078206 -0.015860 -9.748758 0.075865 0.990401 -0.115545 97.869339 0.024745 0.113974 0.993176 3.516919 0.000000 0.000000 0.000000 1.000000
0.997695 -0.065077 -0.019227 -10.748903 0.062902 0.993221 -0.097748 97.847557 0.025458 0.096313 0.995025 3.795128 0.000000 0.000000 0.000000 1.000000
0.998274 -0.051701 -0.027844 -11.727469 0.049514 0.996013 -0.074208 97.846855 0.031570 0.072702 0.996854 4.146841 0.000000 0.000000 0.000000 1.000000
0.998623 -0.036124 -0.038038 -12.680709 0.034264 0.998238 -0.048451 97.830177 0.039721 0.047081 0.998101 4.610757 0.000000 0.000000 0.000000 1.000000
0.998325 -0.027881 -0.050685 -13.524453 0.025982 0.998949 -0.037754 97.739555 0.051685 0.036373 0.998001 5.163783 0.000000 0.000000 0.000000 1.000000
0.997598 -0.022975 -0.065350 -14.284464 0.020968 0.999292 -0.031242 97.597626 0.066021 0.029797 0.997373 5.791596 0.000000 0.000000 0.000000 1.000000
0.996724 -0.018046 -0.078836 -14.982943 0.016211 0.999584 -0.023853 97.406174 0.079234 0.022497 0.996602 6.509394 0.000000 0.000000 0.000000 1.000000
0.995871 -0.013990 -0.089694 -15.602576 0.012472 0.999770 -0.017457 97.177208 0.089917 0.016266 0.995816 7.282828 0.000000 0.000000 0.000000 1.000000
0.994760 -0.012044 -0.101528 -16.090109 0.010681 0.999846 -0.013955 96.930580 0.101680 0.012798 0.994735 8.044717 0.000000 0.000000 0.000000 1.000000
0.993351 -0.011272 -0.114574 -16.449570 0.010035 0.999885 -0.011363 96.655266 0.114689 0.010138 0.993350 8.789584 0.000000 0.000000 0.000000 1.000000
0.991958 -0.010716 -0.126109 -16.687607 0.010061 0.999932 -0.005829 96.362068 0.126163 0.004514 0.991999 9.526630 0.000000 0.000000 0.000000 1.000000
0.990992 -0.011353 -0.133442 -16.818069 0.011547 0.999933 0.000679 96.061867 0.133425 -0.002214 0.991056 10.219068 0.000000 0.000000 0.000000 1.000000
0.990688 -0.017305 -0.135048 -16.843981 0.017853 0.999837 0.002846 95.716125 0.134977 -0.005231 0.990835 10.812306 0.000000 0.000000 0.000000 1.000000
0.991072 -0.027263 -0.130511 -16.739460 0.028170 0.999590 0.005105 95.335831 0.130319 -0.008736 0.991434 11.324170 0.000000 0.000000 0.000000 1.000000
0.992245 -0.035970 -0.118980 -16.491610 0.037661 0.999219 0.011997 94.909256 0.118456 -0.016385 0.992824 11.780955 0.000000 0.000000 0.000000 1.000000
0.994074 -0.041196 -0.100599 -16.082067 0.043432 0.998853 0.020134 94.384247 0.099654 -0.024384 0.994723 12.204855 0.000000 0.000000 0.000000 1.000000
0.996083 -0.044557 -0.076377 -15.518830 0.046979 0.998439 0.030220 93.815292 0.074911 -0.033690 0.996621 12.624687 0.000000 0.000000 0.000000 1.000000
0.997619 -0.047881 -0.049645 -14.899599 0.049987 0.997863 0.042083 93.279709 0.047524 -0.044465 0.997880 12.995644 0.000000 0.000000 0.000000 1.000000
0.998439 -0.049645 -0.025596 -14.323771 0.050817 0.997584 0.047363 92.826172 0.023183 -0.048590 0.998550 13.291807 0.000000 0.000000 0.000000 1.000000
0.998570 -0.053244 -0.004707 -13.762856 0.053402 0.997557 0.045029 92.552673 0.002298 -0.045216 0.998975 13.611959 0.000000 0.000000 0.000000 1.000000
0.998159 -0.058602 0.015629 -13.196021 0.057998 0.997643 0.036671 92.474464 -0.017741 -0.035698 0.999205 14.048629 0.000000 0.000000 0.000000 1.000000
0.997432 -0.062965 0.034131 -12.726837 0.062229 0.997815 0.022219 92.570076 -0.035455 -0.020038 0.999170 14.604592 0.000000 0.000000 0.000000 1.000000
0.996288 -0.066952 0.054111 -12.178211 0.066603 0.997746 0.008226 92.724655 -0.054540 -0.004591 0.998501 15.374719 0.000000 0.000000 0.000000 1.000000
0.994804 -0.069153 0.074713 -11.453691 0.069610 0.997568 -0.003524 92.676971 -0.074288 0.008706 0.997199 16.300091 0.000000 0.000000 0.000000 1.000000
0.993364 -0.072652 0.089166 -10.753700 0.074510 0.997063 -0.017684 92.548927 -0.087619 0.024210 0.995860 17.283756 0.000000 0.000000 0.000000 1.000000
0.991950 -0.079214 0.098794 -10.149837 0.082117 0.996292 -0.025669 92.473541 -0.096394 0.033575 0.994777 18.361366 0.000000 0.000000 0.000000 1.000000
0.989940 -0.085801 0.112506 -9.588425 0.088407 0.995915 -0.018373 92.282997 -0.110470 0.028134 0.993481 19.526119 0.000000 0.000000 0.000000 1.000000
0.986527 -0.091186 0.135832 -8.996799 0.092373 0.995721 -0.002452 91.753517 -0.135028 0.014967 0.990729 20.762802 0.000000 0.000000 0.000000 1.000000
0.980693 -0.100105 0.167990 -8.345221 0.099190 0.994972 0.013849 90.856407 -0.168531 0.003081 0.985691 22.089664 0.000000 0.000000 0.000000 1.000000
0.972619 -0.112189 0.203533 -7.720615 0.109162 0.993682 0.026073 89.663162 -0.205172 -0.003141 0.978721 23.503067 0.000000 0.000000 0.000000 1.000000
0.965742 -0.119563 0.230320 -7.224003 0.114000 0.992778 0.037361 88.242989 -0.233124 -0.009825 0.972397 24.890995 0.000000 0.000000 0.000000 1.000000
0.958825 -0.129325 0.252843 -6.849682 0.119074 0.991333 0.055500 86.723099 -0.257829 -0.023108 0.965914 26.350239 0.000000 0.000000 0.000000 1.000000
0.951161 -0.132005 0.279047 -6.737797 0.119574 0.990938 0.061189 84.988350 -0.284596 -0.024834 0.958326 27.848495 0.000000 0.000000 0.000000 1.000000
0.941269 -0.132561 0.310549 -6.735795 0.120116 0.991008 0.058952 82.946838 -0.315572 -0.018188 0.948727 29.429939 0.000000 0.000000 0.000000 1.000000
0.927389 -0.139560 0.347091 -6.775894 0.123616 0.990013 0.067779 80.617569 -0.353083 -0.019952 0.935379 31.192915 0.000000 0.000000 0.000000 1.000000
0.908990 -0.147134 0.389986 -6.696579 0.126252 0.988863 0.078807 78.084312 -0.397237 -0.022398 0.917442 33.223709 0.000000 0.000000 0.000000 1.000000
0.887326 -0.156110 0.433915 -6.400434 0.129833 0.987465 0.089761 75.152275 -0.442488 -0.023311 0.896471 35.503723 0.000000 0.000000 0.000000 1.000000
0.868252 -0.162273 0.468834 -5.935665 0.132812 0.986530 0.095499 71.836517 -0.478016 -0.020650 0.878108 37.901707 0.000000 0.000000 0.000000 1.000000
0.855729 -0.164738 0.490498 -5.460514 0.134806 0.986207 0.096041 68.398033 -0.499554 -0.016063 0.866134 40.130375 0.000000 0.000000 0.000000 1.000000
0.850410 -0.166044 0.499232 -4.838588 0.130190 0.985795 0.106105 64.435066 -0.509759 -0.025237 0.859947 42.295242 0.000000 0.000000 0.000000 1.000000
0.853449 -0.178462 0.489670 -4.110868 0.137545 0.983362 0.118662 60.168861 -0.502700 -0.033920 0.863795 44.548931 0.000000 0.000000 0.000000 1.000000
0.859777 -0.195880 0.471609 -3.570563 0.164227 0.980509 0.107851 56.326675 -0.483542 -0.015277 0.875188 46.937721 0.000000 0.000000 0.000000 1.000000
0.864291 -0.210301 0.456918 -3.292027 0.195886 0.977412 0.079331 52.890862 -0.463281 0.020939 0.885964 49.303150 0.000000 0.000000 0.000000 1.000000
0.872855 -0.224953 0.433037 -3.051176 0.210454 0.974171 0.081857 50.625969 -0.440266 0.019684 0.897652 51.098091 0.000000 0.000000 0.000000 1.000000
0.894118 -0.223998 0.387786 -2.874250 0.208196 0.974567 0.082905 50.525757 -0.396494 0.006609 0.918013 52.204323 0.000000 0.000000 0.000000 1.000000
0.923518 -0.213733 0.318486 -2.933040 0.211981 0.976430 0.040592 51.790600 -0.319655 0.030025 0.947058 53.396114 0.000000 0.000000 0.000000 1.000000
0.941654 -0.198454 0.271851 -2.982679 0.215393 0.975948 -0.033639 53.365486 -0.258637 0.090232 0.961751 55.204266 0.000000 0.000000 0.000000 1.000000
0.948814 -0.172465 0.264592 -2.714523 0.207100 0.972237 -0.108930 54.591484 -0.238459 0.158152 0.958189 57.551865 0.000000 0.000000 0.000000 1.000000
0.952095 -0.164246 0.257951 -2.564651 0.210905 0.963487 -0.164962 55.149345 -0.221438 0.211462 0.951971 60.210373 0.000000 0.000000 0.000000 1.000000
0.954064 -0.165757 0.249573 -2.725833 0.222870 0.949361 -0.221454 54.749969 -0.200228 0.266904 0.942694 62.835346 0.000000 0.000000 0.000000 1.000000
0.954112 -0.172830 0.244540 -3.080926 0.237668 0.933845 -0.267298 53.618824 -0.182165 0.313152 0.932068 65.389473 0.000000 0.000000 0.000000 1.000000
0.952248 -0.177315 0.248561 -3.415053 0.249294 0.921550 -0.297655 52.296196 -0.176282 0.345406 0.921748 67.974609 0.000000 0.000000 0.000000 1.000000
0.949385 -0.164190 0.267785 -3.548024 0.252779 0.905429 -0.341029 51.270874 -0.186467 0.391458 0.901105 70.956558 0.000000 0.000000 0.000000 1.000000
0.946550 -0.152883 0.284023 -3.587758 0.262972 0.875662 -0.405045 50.428265 -0.186784 0.458085 0.869063 74.381416 0.000000 0.000000 0.000000 1.000000
0.947718 -0.156206 0.278262 -3.666581 0.277589 0.833665 -0.477438 49.387787 -0.157399 0.529719 0.833440 77.834518 0.000000 0.000000 0.000000 1.000000
0.954229 -0.161284 0.251863 -3.908508 0.278234 0.787603 -0.549789 47.997337 -0.109696 0.594701 0.796428 80.967613 0.000000 0.000000 0.000000 1.000000
0.961234 -0.164707 0.221137 -4.321212 0.268325 0.743428 -0.612630 46.244907 -0.063495 0.648218 0.758803 83.906624 0.000000 0.000000 0.000000 1.000000
0.965468 -0.159592 0.205918 -4.735019 0.258085 0.693756 -0.672380 44.079144 -0.035550 0.702305 0.710988 87.042267 0.000000 0.000000 0.000000 1.000000
0.966088 -0.138819 0.217721 -5.072000 0.256139 0.621842 -0.740071 41.340660 -0.032652 0.770741 0.636311 90.656250 0.000000 0.000000 0.000000 1.000000
0.959989 -0.110200 0.257444 -5.546615 0.276233 0.523677 -0.805889 37.922501 -0.046008 0.844759 0.533165 94.731720 0.000000 0.000000 0.000000 1.000000
0.946698 -0.087494 0.310013 -6.214293 0.317239 0.420198 -0.850172 33.823143 -0.055882 0.903204 0.425557 98.976173 0.000000 0.000000 0.000000 1.000000
0.937464 -0.073696 0.340191 -6.876921 0.344152 0.342672 -0.874148 29.290646 -0.052152 0.936560 0.346605 102.983170 0.000000 0.000000 0.000000 1.000000
0.935788 -0.052460 0.348639 -7.408135 0.349207 0.274050 -0.896075 24.807524 -0.048536 0.960284 0.274772 106.426819 0.000000 0.000000 0.000000 1.000000
0.929710 -0.040798 0.366027 -8.119439 0.366565 0.198697 -0.908928 20.760122 -0.035646 0.979211 0.199686 109.615189 0.000000 0.000000 0.000000 1.000000
0.916070 -0.049761 0.397919 -8.860569 0.400924 0.135211 -0.906079 17.150475 -0.008715 0.989566 0.143813 112.917656 0.000000 0.000000 0.000000 1.000000
0.902547 -0.057080 0.426792 -9.548891 0.430203 0.077429 -0.899405 14.309095 0.018292 0.995363 0.094439 116.270447 0.000000 0.000000 0.000000 1.000000
0.902193 -0.087690 0.422325 -10.272544 0.425410 0.019198 -0.904797 13.127886 0.071234 0.995963 0.054625 119.251656 0.000000 0.000000 0.000000 1.000000
0.924279 -0.108245 0.366049 -11.014791 0.367802 -0.004023 -0.929895 13.633271 0.102129 0.994116 0.036094 121.921692 0.000000 0.000000 0.000000 1.000000
0.949373 -0.059120 0.308538 -11.512691 0.306997 -0.033808 -0.951110 14.864044 0.066661 0.997678 -0.013946 123.980667 0.000000 0.000000 0.000000 1.000000
0.966391 -0.032004 0.255075 -11.828309 0.253799 -0.039126 -0.966465 15.847054 0.040910 0.998722 -0.029689 125.492851 0.000000 0.000000 0.000000 1.000000
0.977117 -0.024499 0.211285 -11.883423 0.210806 -0.020776 -0.977307 16.265945 0.028333 0.999484 -0.015136 126.517006 0.000000 0.000000 0.000000 1.000000
0.981288 -0.013625 0.192062 -11.642889 0.191942 -0.009660 -0.981359 16.101477 0.015227 0.999861 -0.006864 127.097824 0.000000 0.000000 0.000000 1.000000
0.980975 -0.000207 0.194136 -11.173490 0.194136 -0.001214 -0.980974 15.512201 0.000439 0.999999 -0.001151 127.349113 0.000000 0.000000 0.000000 1.000000
0.977244 0.009651 0.211897 -10.928241 0.211848 0.005842 -0.977285 14.690125 -0.010669 0.999936 0.003664 126.847900 0.000000 0.000000 0.000000 1.000000
0.970786 0.016791 0.239359 -10.989764 0.239305 0.005191 -0.970931 14.143969 -0.017545 0.999846 0.001022 125.801315 0.000000 0.000000 0.000000 1.000000
0.966438 0.033268 0.254738 -10.707830 0.254181 0.020078 -0.966948 14.001943 -0.037283 0.999245 0.010948 125.548004 0.000000 0.000000 0.000000 1.000000
0.965561 0.042360 0.256704 -10.612179 0.255033 0.041098 -0.966058 13.972033 -0.051473 0.998257 0.028880 125.529907 0.000000 0.000000 0.000000 1.000000
0.965209 0.037618 0.258761 -10.899641 0.256381 0.058353 -0.964813 13.866577 -0.051394 0.997587 0.046679 125.406631 0.000000 0.000000 0.000000 1.000000
0.963439 0.027327 0.266529 -11.159348 0.263871 0.075640 -0.961587 13.717854 -0.046438 0.996761 0.065664 125.335892 0.000000 0.000000 0.000000 1.000000
0.961586 0.022717 0.273561 -11.255726 0.270643 0.088078 -0.958642 13.637217 -0.045872 0.995855 0.078546 125.268501 0.000000 0.000000 0.000000 1.000000
0.960385 0.026923 0.277372 -11.238432 0.274053 0.089286 -0.957561 13.617468 -0.050546 0.995642 0.078370 125.205368 0.000000 0.000000 0.000000 1.000000
0.959614 0.033740 0.279289 -11.169380 0.275806 0.082760 -0.957644 13.594567 -0.055424 0.995998 0.070112 125.196716 0.000000 0.000000 0.000000 1.000000
0.959743 0.038216 0.278269 -11.074313 0.275067 0.072658 -0.958676 13.558187 -0.056855 0.996624 0.059221 125.286346 0.000000 0.000000 0.000000 1.000000
0.960643 0.036410 0.275391 -10.968695 0.272561 0.067845 -0.959743 13.508517 -0.053628 0.997031 0.055251 125.457512 0.000000 0.000000 0.000000 1.000000
0.961599 0.035031 0.272215 -10.860115 0.269708 0.063144 -0.960870 13.490629 -0.050849 0.997389 0.051272 125.568619 0.000000 0.000000 0.000000 1.000000
0.962285 0.035531 0.269712 -10.776354 0.267400 0.058837 -0.961788 13.469677 -0.050043 0.997635 0.047117 125.635193 0.000000 0.000000 0.000000 1.000000
0.962547 0.036235 0.268681 -10.758836 0.266345 0.058678 -0.962090 13.420515 -0.050627 0.997619 0.046829 125.688004 0.000000 0.000000 0.000000 1.000000
0.962460 0.037140 0.268872 -10.803074 0.266288 0.062604 -0.961858 13.370564 -0.052556 0.997347 0.050364 125.689491 0.000000 0.000000 0.000000 1.000000
0.962174 0.037494 0.269843 -10.857711 0.266938 0.068222 -0.961296 13.316099 -0.054452 0.996965 0.055633 125.669373 0.000000 0.000000 0.000000 1.000000
0.961612 0.037554 0.271831 -10.890004 0.268817 0.070115 -0.960636 13.271421 -0.055135 0.996832 0.057328 125.628410 0.000000 0.000000 0.000000 1.000000
0.960784 0.037663 0.274729 -10.892641 0.271740 0.069503 -0.959858 13.250131 -0.055245 0.996871 0.056543 125.543228 0.000000 0.000000 0.000000 1.000000</float_array><technique_common><accessor source="#mixamorig_Hips-Matrix-animation-output-transform-array" count="149" stride="16"><param type="float4x4"/></accessor></technique_common></source><source id="mixamorig_Hips-Interpolations"><Name_array id="mixamorig_Hips-Interpolations-array" count="149">
 LINEAR LINEAR LINEAR LINEAR LINEAR LINEAR LINEAR LINEAR LINEAR LINEAR LINEAR
LINEAR LINEAR LINEAR LINEAR LINEAR LINEAR LINEAR LINEAR LINEAR LINEAR LINEAR LINEAR
LINEAR LINEAR LINEAR LINEAR LINEAR LINEAR LINEAR LINEAR LINEAR LINEAR LINEAR LINEAR
LINEAR LINEAR LINEAR LINEAR LINEAR LINEAR LINEAR LINEAR LINEAR LINEAR LINEAR LINEAR
LINEAR LINEAR LINEAR LINEAR LINEAR LINEAR LINEAR LINEAR LINEAR LINEAR LINEAR LINEAR
LINEAR LINEAR LINEAR LINEAR LINEAR LINEAR LINEAR LINEAR LINEAR LINEAR LINEAR LINEAR
LINEAR LINEAR LINEAR LINEAR LINEAR LINEAR LINEAR LINEAR LINEAR LINEAR LINEAR LINEAR
LINEAR LINEAR LINEAR LINEAR LINEAR LINEAR LINEAR LINEAR LINEAR LINEAR LINEAR LINEAR
LINEAR LINEAR LINEAR LINEAR LINEAR LINEAR LINEAR LINEAR LINEAR LINEAR LINEAR LINEAR
LINEAR LINEAR LINEAR LINEAR LINEAR LINEAR LINEAR LINEAR LINEAR LINEAR LINEAR LINEAR
LINEAR LINEAR LINEAR LINEAR LINEAR LINEAR LINEAR LINEAR LINEAR LINEAR LINEAR LINEAR
LINEAR LINEAR LINEAR LINEAR LINEAR LINEAR LINEAR LINEAR LINEAR LINEAR LINEAR LINEAR
LINEAR LINEAR LINEAR LINEAR LINEAR LINEAR</Name_array><technique_common><accessor source="#mixamorig_Hips-Interpolations-array" count="149"><param type="name"/></accessor></technique_common></source><sampler id="mixamorig_Hips-Matrix-animation-transform"><input semantic="INPUT" source="#mixamorig_Hips-Matrix-animation-input"/><input semantic="OUTPUT" source="#mixamorig_Hips-Matrix-animation-output-transform"/><input semantic="INTERPOLATION" source="#mixamorig_Hips-Interpolations"/></sampler><channel source="#mixamorig_Hips-Matrix-animation-transform" target="mixamorig_Hips/matrix"/></animation>
    <animation id="mixamorig_Spine-anim" name="mixamorig_Spine"><source id="mixamorig_Spine-Matrix-animation-input"><float_array id="mixamorig_Spine-Matrix-animation-input-array" count="149">

0.000000 0.033333 0.066667 0.100000 0.133333 0.166667 0.200000 0.233333 0.266667 0.300000 0.333333 0.366667 0.400000 0.433333 0.466667 0.500000
0.533333 0.566667 0.600000 0.633333 0.666667 0.700000 0.733333 0.766667 0.800000 0.833333 0.866667 0.900000 0.933333 0.966667 1.000000 1.033333
1.066667 1.100000 1.133333 1.166667 1.200000 1.233333 1.266667 1.300000 1.333333 1.366667 1.400000 1.433333 1.466667 1.500000 1.533333 1.566667
1.600000 1.633333 1.666667 1.700000 1.733333 1.766667 1.800000 1.833333 1.866667 1.900000 1.933333 1.966667 2.000000 2.033333 2.066667 2.100000
2.133333 2.166667 2.200000 2.233333 2.266667 2.300000 2.333333 2.366667 2.400000 2.433333 2.466667 2.500000 2.533333 2.566667 2.600000 2.633333
2.666667 2.700000 2.733333 2.766667 2.800000 2.833333 2.866667 2.900000 2.933333 2.966667 3.000000 3.033333 3.066667 3.100000 3.133333 3.166667
3.200000 3.233333 3.266667 3.300000 3.333333 3.366667 3.400000 3.433333 3.466667 3.500000 3.533333 3.566667 3.600000 3.633333 3.666667 3.700000
3.733333 3.766667 3.800000 3.833333 3.866667 3.900000 3.933333 3.966667 4.000000 4.033333 4.066667 4.100000 4.133333 4.166667 4.200000 4.233333
4.266667 4.300000 4.333333 4.366667 4.400000 4.433333 4.466667 4.500000 4.533333 4.566667 4.600000 4.633333 4.666667 4.700000 4.733333 4.766667
4.800000 4.833333 4.866667 4.900000 4.933333</float_array><technique_common><accessor source="#mixamorig_Spine-Matrix-animation-input-array" count="149"><param name="TIME" type="float"/></accessor></technique_common></source><source id="mixamorig_Spine-Matrix-animation-output-transform"><float_array id="mixamorig_Spine-Matrix-animation-output-transform-array" count="2384">

0.998981 -0.028398 0.035070 -0.000000 0.029651 0.998921 -0.035731 10.181600 -0.034017 0.036734 0.998746 0.131500 0.000000 0.000000 0.000000 1.000000
0.998966 -0.029051 0.034982 0.000000 0.030292 0.998912 -0.035459 10.181600 -0.033914 0.036482 0.998759 0.131500 0.000000 0.000000 0.000000 1.000000
0.998972 -0.028828 0.034970 0.000000 0.030054 0.998934 -0.035046 10.181600 -0.033922 0.036061 0.998774 0.131500 0.000000 0.000000 0.000000 1.000000
0.998954 -0.029782 0.034696 0.000000 0.030978 0.998926 -0.034457 10.181600 -0.033633 0.035496 0.998804 0.131500 0.000000 0.000000 0.000000 1.000000
0.998888 -0.032574 0.034073 0.000000 0.033668 0.998920 -0.032031 10.181600 -0.032992 0.033142 0.998906 0.131500 0.000000 0.000000 0.000000 1.000000
0.998818 -0.036426 0.032173 -0.000000 0.037332 0.998910 -0.028031 10.181600 -0.031117 0.029199 0.999089 0.131500 0.000000 0.000000 0.000000 1.000000
0.998691 -0.043214 0.027364 0.000000 0.043962 0.998659 -0.027337 10.181600 -0.026146 0.028504 0.999252 0.131500 0.000000 0.000000 0.000000 1.000000
0.998389 -0.053072 0.020067 0.000000 0.053644 0.998136 -0.029117 10.181600 -0.018484 0.030146 0.999375 0.131500 0.000000 0.000000 0.000000 1.000000
0.997891 -0.063661 0.012693 0.000000 0.064031 0.997456 -0.031315 10.181600 -0.010668 0.032062 0.999429 0.131500 0.000000 0.000000 0.000000 1.000000
0.997120 -0.075542 0.006666 -0.000000 0.075717 0.996625 -0.031724 10.181600 -0.004247 0.032137 0.999474 0.131500 0.000000 0.000000 0.000000 1.000000
0.996321 -0.085655 0.002722 0.000000 0.085698 0.995896 -0.029110 10.181600 -0.000217 0.029236 0.999573 0.131500 0.000000 0.000000 0.000000 1.000000
0.995481 -0.094959 -0.000462 -0.000000 0.094916 0.995157 -0.025561 10.181600 0.002887 0.025402 0.999673 0.131500 0.000000 0.000000 0.000000 1.000000
0.994742 -0.102346 -0.003645 0.000000 0.102235 0.994490 -0.023191 10.181600 0.005998 0.022696 0.999724 0.131500 0.000000 0.000000 0.000000 1.000000
0.994209 -0.107235 -0.007045 0.000000 0.107063 0.994020 -0.021497 10.181600 0.009308 0.020618 0.999744 0.131500 0.000000 0.000000 0.000000 1.000000
0.993938 -0.109465 -0.010230 -0.000000 0.109218 0.993771 -0.022159 10.181600 0.012592 0.020908 0.999702 0.131500 0.000000 0.000000 0.000000 1.000000
0.993744 -0.111091 -0.011447 0.000000 0.110831 0.993612 -0.021260 10.181600 0.013736 0.019858 0.999708 0.131500 0.000000 0.000000 0.000000 1.000000
0.993473 -0.113493 -0.011414 0.000000 0.113265 0.993383 -0.019003 10.181600 0.013496 0.017586 0.999754 0.131500 0.000000 0.000000 0.000000 1.000000
0.993135 -0.116315 -0.012367 0.000000 0.116081 0.993073 -0.018224 10.181600 0.014401 0.016663 0.999757 0.131500 0.000000 0.000000 0.000000 1.000000
0.992724 -0.119643 -0.013620 0.000000 0.119385 0.992677 -0.018411 10.181600 0.015723 0.016651 0.999738 0.131500 0.000000 0.000000 0.000000 1.000000
0.992131 -0.124362 -0.014497 0.000000 0.124085 0.992095 -0.018697 10.181600 0.016707 0.016751 0.999720 0.131500 0.000000 0.000000 0.000000 1.000000
0.991395 -0.129923 -0.015969 0.000000 0.129581 0.991350 -0.020844 10.181600 0.018539 0.018596 0.999655 0.131500 0.000000 0.000000 0.000000 1.000000
0.990636 -0.135453 -0.017097 0.000000 0.135037 0.990562 -0.023491 10.181600 0.020117 0.020962 0.999578 0.131500 0.000000 0.000000 0.000000 1.000000
0.989994 -0.140316 -0.014946 0.000000 0.139971 0.989911 -0.022015 10.181600 0.017884 0.019703 0.999646 0.131500 0.000000 0.000000 0.000000 1.000000
0.989598 -0.143387 -0.011622 -0.000000 0.143130 0.989490 -0.020568 10.181600 0.014449 0.018690 0.999721 0.131500 0.000000 0.000000 0.000000 1.000000
0.989652 -0.143328 -0.006788 -0.000000 0.143165 0.989489 -0.020368 10.181600 0.009636 0.019186 0.999769 0.131500 0.000000 0.000000 0.000000 1.000000
0.990243 -0.139347 0.000987 0.000000 0.139340 0.990057 -0.019292 10.181600 0.001711 0.019242 0.999813 0.131500 0.000000 0.000000 0.000000 1.000000
0.991092 -0.132734 0.010867 0.000000 0.132903 0.990987 -0.016770 10.181600 -0.008543 0.018065 0.999800 0.131500 0.000000 0.000000 0.000000 1.000000
0.991756 -0.126201 0.022212 0.000000 0.126520 0.991871 -0.013583 10.181600 -0.020317 0.016281 0.999661 0.131500 0.000000 0.000000 0.000000 1.000000
0.992160 -0.120402 0.033499 0.000000 0.120769 0.992638 -0.009149 10.181600 -0.032150 0.013123 0.999397 0.131500 0.000000 0.000000 0.000000 1.000000
0.992352 -0.116336 0.041276 -0.000000 0.116718 0.993141 -0.006952 10.181600 -0.040184 0.011716 0.999124 0.131500 0.000000 0.000000 0.000000 1.000000
0.992589 -0.111788 0.047659 -0.000000 0.112207 0.993666 -0.006205 10.181600 -0.046663 0.011507 0.998844 0.131500 0.000000 0.000000 0.000000 1.000000
0.992801 -0.106483 0.054835 0.000000 0.106891 0.994260 -0.004550 10.181600 -0.054036 0.010379 0.998485 0.131500 0.000000 0.000000 0.000000 1.000000
0.992907 -0.101478 0.061952 0.000000 0.101859 0.994794 -0.003022 10.181600 -0.061323 0.009311 0.998075 0.131500 0.000000 0.000000 0.000000 1.000000
0.992857 -0.097707 0.068474 0.000000 0.098082 0.995176 -0.002126 10.181600 -0.067936 0.008827 0.997651 0.131500 0.000000 0.000000 0.000000 1.000000
0.992664 -0.095611 0.074008 0.000000 0.095964 0.995384 -0.001220 10.181600 -0.073549 0.008313 0.997257 0.131500 0.000000 0.000000 0.000000 1.000000
0.992295 -0.097870 0.075977 0.000000 0.098359 0.995147 -0.002717 10.181600 -0.075343 0.010169 0.997106 0.131500 0.000000 0.000000 0.000000 1.000000
0.991555 -0.106213 0.074413 0.000000 0.107054 0.994226 -0.007396 10.181600 -0.073198 0.015300 0.997200 0.131500 0.000000 0.000000 0.000000 1.000000
0.990405 -0.119214 0.069904 -0.000000 0.120441 0.992627 -0.013602 10.181600 -0.067767 0.021890 0.997461 0.131500 0.000000 0.000000 0.000000 1.000000
0.988952 -0.135005 0.061213 0.000000 0.136541 0.990398 -0.021627 10.181600 -0.057706 0.029746 0.997890 0.131500 0.000000 0.000000 0.000000 1.000000
0.987844 -0.147314 0.049635 0.000000 0.148890 0.988408 -0.029692 10.181600 -0.044685 0.036721 0.998326 0.131500 0.000000 0.000000 0.000000 1.000000
0.987304 -0.153912 0.039273 0.000000 0.155320 0.987219 -0.035709 10.181600 -0.033274 0.041356 0.998590 0.131500 0.000000 0.000000 0.000000 1.000000
0.986961 -0.157356 0.033878 0.000000 0.158642 0.986552 -0.039347 10.181600 -0.027231 0.044209 0.998651 0.131500 0.000000 0.000000 0.000000 1.000000
0.986804 -0.158488 0.033149 0.000000 0.159790 0.986289 -0.041236 10.181600 -0.026160 0.045989 0.998599 0.131500 0.000000 0.000000 0.000000 1.000000
0.986963 -0.157289 0.034132 0.000000 0.158647 0.986459 -0.041596 10.181600 -0.027127 0.046468 0.998551 0.131500 0.000000 0.000000 0.000000 1.000000
0.987105 -0.156646 0.032944 0.000000 0.157963 0.986547 -0.042102 10.181600 -0.025906 0.046764 0.998570 0.131500 0.000000 0.000000 0.000000 1.000000
0.987245 -0.156138 0.031103 0.000000 0.157382 0.986617 -0.042630 10.181600 -0.024031 0.046981 0.998607 0.131500 0.000000 0.000000 0.000000 1.000000
0.987386 -0.155550 0.029552 0.000000 0.156706 0.986754 -0.041943 10.181600 -0.022637 0.046045 0.998683 0.131500 0.000000 0.000000 0.000000 1.000000
0.987362 -0.156163 0.026993 -0.000000 0.157194 0.986692 -0.041582 10.181600 -0.020140 0.045299 0.998770 0.131500 0.000000 0.000000 0.000000 1.000000
0.987228 -0.157535 0.023744 -0.000000 0.158434 0.986454 -0.042512 10.181600 -0.016726 0.045731 0.998814 0.131500 0.000000 0.000000 0.000000 1.000000
0.987128 -0.158470 0.021576 0.000000 0.159276 0.986299 -0.042962 10.181600 -0.014472 0.045845 0.998844 0.131500 0.000000 0.000000 0.000000 1.000000
0.987116 -0.158753 0.019970 0.000000 0.159483 0.986272 -0.042815 10.181600 -0.012899 0.045448 0.998883 0.131500 0.000000 0.000000 0.000000 1.000000
0.987075 -0.159181 0.018549 0.000000 0.159843 0.986226 -0.042523 10.181600 -0.011525 0.044938 0.998923 0.131500 0.000000 0.000000 0.000000 1.000000
0.987319 -0.157632 0.018780 -0.000000 0.158296 0.986510 -0.041715 10.181600 -0.011951 0.044159 0.998953 0.131500 0.000000 0.000000 0.000000 1.000000
0.987896 -0.153833 0.019922 0.000000 0.154547 0.987116 -0.041430 10.181600 -0.013292 0.044007 0.998943 0.131500 0.000000 0.000000 0.000000 1.000000
0.988562 -0.149341 0.021008 -0.000000 0.150116 0.987773 -0.042075 10.181600 -0.014468 0.044747 0.998894 0.131500 0.000000 0.000000 0.000000 1.000000
0.989374 -0.143722 0.021985 0.000000 0.144555 0.988575 -0.042701 10.181600 -0.015597 0.045426 0.998846 0.131500 0.000000 0.000000 0.000000 1.000000
0.990435 -0.136199 0.022111 -0.000000 0.137052 0.989620 -0.043241 10.181600 -0.015992 0.045858 0.998820 0.131500 0.000000 0.000000 0.000000 1.000000
0.991492 -0.128316 0.021867 0.000000 0.129167 0.990673 -0.043395 10.181600 -0.016095 0.045851 0.998819 0.131500 0.000000 0.000000 0.000000 1.000000
0.992580 -0.119732 0.021181 0.000000 0.120565 0.991741 -0.043755 10.181600 -0.015767 0.045984 0.998818 0.131500 0.000000 0.000000 0.000000 1.000000
0.993713 -0.110186 0.019827 -0.000000 0.110974 0.992831 -0.044406 10.181600 -0.014792 0.046327 0.998817 0.131500 0.000000 0.000000 0.000000 1.000000
0.994702 -0.101056 0.018832 0.000000 0.101815 0.993787 -0.044959 10.181600 -0.014172 0.046638 0.998811 0.131500 0.000000 0.000000 0.000000 1.000000
0.995521 -0.092644 0.018843 0.000000 0.093405 0.994629 -0.044589 10.181600 -0.014611 0.046149 0.998828 0.131500 0.000000 0.000000 0.000000 1.000000
0.996201 -0.084483 0.021132 0.000000 0.085277 0.995555 -0.039972 10.181600 -0.017661 0.041622 0.998977 0.131500 0.000000 0.000000 0.000000 1.000000
0.996729 -0.077062 0.024344 0.000000 0.077866 0.996384 -0.033992 10.181600 -0.021637 0.035776 0.999126 0.131500 0.000000 0.000000 0.000000 1.000000
0.997152 -0.070479 0.026852 -0.000000 0.071227 0.997067 -0.027996 10.181600 -0.024800 0.029829 0.999247 0.131500 0.000000 0.000000 0.000000 1.000000
0.997417 -0.065935 0.028486 0.000000 0.066569 0.997541 -0.021922 10.181600 -0.026971 0.023762 0.999354 0.131500 0.000000 0.000000 0.000000 1.000000
0.997461 -0.064579 0.030006 0.000000 0.065087 0.997747 -0.016268 10.181600 -0.028887 0.018180 0.999417 0.131500 0.000000 0.000000 0.000000 1.000000
0.997373 -0.065365 0.031207 -0.000000 0.065760 0.997766 -0.011802 10.181600 -0.030366 0.013824 0.999443 0.131500 0.000000 0.000000 0.000000 1.000000
0.997182 -0.068395 0.030839 0.000000 0.068712 0.997593 -0.009343 10.181600 -0.030125 0.011436 0.999481 0.131500 0.000000 0.000000 0.000000 1.000000
0.996906 -0.072964 0.029243 0.000000 0.073251 0.997274 -0.008841 10.181600 -0.028519 0.010956 0.999533 0.131500 0.000000 0.000000 0.000000 1.000000
0.996668 -0.076785 0.027509 0.000000 0.077065 0.996983 -0.009274 10.181600 -0.026714 0.011363 0.999579 0.131500 0.000000 0.000000 0.000000 1.000000
0.996475 -0.079872 0.025651 -0.000000 0.080185 0.996715 -0.011418 10.181600 -0.024654 0.013435 0.999606 0.131500 0.000000 0.000000 0.000000 1.000000
0.996238 -0.083537 0.023052 -0.000000 0.083907 0.996352 -0.015560 10.181600 -0.021668 0.017436 0.999613 0.131500 0.000000 0.000000 0.000000 1.000000
0.995812 -0.089182 0.020145 0.000000 0.089592 0.995769 -0.020439 10.181600 -0.018237 0.022158 0.999588 0.131500 0.000000 0.000000 0.000000 1.000000
0.995138 -0.097028 0.016909 0.000000 0.097456 0.994883 -0.026650 10.181600 -0.014237 0.028168 0.999502 0.131500 0.000000 0.000000 0.000000 1.000000
0.994376 -0.105022 0.013680 0.000000 0.105431 0.993855 -0.033709 10.181600 -0.010056 0.034962 0.999338 0.131500 0.000000 0.000000 0.000000 1.000000
0.993570 -0.112567 0.012166 0.000000 0.112962 0.992831 -0.039079 10.181600 -0.007680 0.040202 0.999162 0.131500 0.000000 0.000000 0.000000 1.000000
0.992955 -0.117811 0.012653 0.000000 0.118242 0.992108 -0.041727 10.181600 -0.007638 0.042929 0.999049 0.131500 0.000000 0.000000 0.000000 1.000000
