<?xml version="1.0" encoding="utf-8"?>
<COLLADA xmlns="http://www.collada.org/2005/11/COLLADASchema" version="1.4.1">
  <asset><contributor><author>Mixamo</author><authoring_tool>COLLADA Mixamo exporter</authoring_tool><comments></comments></contributor><created>2018-12-18T17:56:03Z</created><modified>2018-12-18T17:56:03Z</modified><revision></revision><title></title><unit meter="0.010000"/><up_axis>Y_UP</up_axis></asset>
  <library_animations>
    <animation id="mixamorig_Hips-anim" name="mixamorig_Hips"><source id="mixamorig_Hips-Matrix-animation-input"><float_array id="mixamorig_Hips-Matrix-animation-input-array" count="32">

0.000000 0.033333 0.066667 0.100000 0.133333 0.166667 0.200000 0.233333 0.266667 0.300000 0.333333 0.366667 0.400000 0.433333 0.466667 0.500000
0.533333 0.566667 0.600000 0.633333 0.666667 0.700000 0.733333 0.766667 0.800000 0.833333 0.866667 0.900000 0.933333 0.966667 1.000000 1.033333</float_array><technique_common><accessor source="#mixamorig_Hips-Matrix-animation-input-array" count="32"><param name="TIME" type="float"/></accessor></technique_common></source><source id="mixamorig_Hips-Matrix-animation-output-transform"><float_array id="mixamorig_Hips-Matrix-animation-output-transform-array" count="512">

-0.025950 0.396269 0.917768 0.504766 0.283846 0.883211 -0.373322 79.127373 -0.958519 0.250817 -0.135399 -0.319049 0.000000 0.000000 0.000000 1.000000
-0.080728 0.383967 0.919811 -0.163842 0.242413 0.902678 -0.355540 79.219513 -0.966809 0.194272 -0.165950 -2.483780 0.000000 0.000000 0.000000 1.000000
-0.124094 0.372721 0.919608 -0.625416 0.199439 0.917228 -0.344844 79.570358 -0.972021 0.140613 -0.188158 -4.349868 0.000000 0.000000 0.000000 1.000000
-0.160354 0.363409 0.917726 -0.849764 0.164368 0.926607 -0.338205 80.183334 -0.973278 0.096612 -0.208318 -5.951797 0.000000 0.000000 0.000000 1.000000
-0.195337 0.356815 0.913524 -0.855330 0.143186 0.931863 -0.333360 80.975426 -0.970227 0.065686 -0.233118 -7.312247 0.000000 0.000000 0.000000 1.000000
-0.231942 0.352173 0.906740 -0.664389 0.133296 0.934874 -0.329003 81.831894 -0.963553 0.044556 -0.263780 -8.496696 0.000000 0.000000 0.000000 1.000000
-0.269295 0.347001 0.898371 -0.278133 0.127534 0.937466 -0.323872 82.676971 -0.954576 0.027355 -0.296709 -9.543076 0.000000 0.000000 0.000000 1.000000
-0.306193 0.339241 0.889472 0.320082 0.121211 0.940638 -0.317030 83.485146 -0.944221 0.010741 -0.329137 -10.443884 0.000000 0.000000 0.000000 1.000000
-0.343518 0.329217 0.879552 1.153161 0.114219 0.944237 -0.308820 84.248886 -0.932175 -0.005624 -0.361965 -11.164852 0.000000 0.000000 0.000000 1.000000
-0.383877 0.318728 0.866632 2.241875 0.108498 0.947607 -0.300449 84.952484 -0.916988 -0.021307 -0.398346 -11.674659 0.000000 0.000000 0.000000 1.000000
-0.429858 0.308915 0.848407 3.608665 0.105761 0.950408 -0.292470 85.570816 -0.896681 -0.035992 -0.441212 -11.960344 0.000000 0.000000 0.000000 1.000000
-0.481770 0.300035 0.823333 5.320851 0.107082 0.952674 -0.284510 86.091408 -0.869731 -0.048904 -0.491098 -12.028697 0.000000 0.000000 0.000000 1.000000
-0.536766 0.291939 0.791614 7.378966 0.111655 0.954557 -0.276321 86.525574 -0.836310 -0.059932 -0.544971 -11.865050 0.000000 0.000000 0.000000 1.000000
-0.590734 0.283893 0.755273 9.744699 0.116182 0.956231 -0.268558 86.897598 -0.798458 -0.070898 -0.597862 -11.495895 0.000000 0.000000 0.000000 1.000000
-0.642820 0.274729 0.715057 12.277520 0.116321 0.957657 -0.263367 87.238609 -0.757134 -0.086121 -0.647558 -10.986856 0.000000 0.000000 0.000000 1.000000
-0.695959 0.265617 0.667149 14.764548 0.111333 0.957751 -0.265175 87.578827 -0.709398 -0.110275 -0.696128 -10.348545 0.000000 0.000000 0.000000 1.000000
-0.749829 0.261498 0.607763 16.979082 0.106108 0.954219 -0.279654 87.997711 -0.653068 -0.145204 -0.743248 -9.571760 0.000000 0.000000 0.000000 1.000000
-0.795765 0.267853 0.543151 18.788324 0.107473 0.945096 -0.308614 88.534081 -0.595993 -0.187210 -0.780862 -8.710143 0.000000 0.000000 0.000000 1.000000
-0.824192 0.285525 0.489063 20.146912 0.117525 0.931031 -0.345497 89.175812 -0.553981 -0.227280 -0.800905 -7.775016 0.000000 0.000000 0.000000 1.000000
-0.834732 0.310530 0.454745 21.009306 0.134328 0.915706 -0.378732 89.792526 -0.534020 -0.255055 -0.806083 -6.830396 0.000000 0.000000 0.000000 1.000000
-0.835191 0.336933 0.434663 21.314184 0.155714 0.902888 -0.400683 90.170189 -0.527455 -0.266964 -0.806549 -5.992293 0.000000 0.000000 0.000000 1.000000
-0.834454 0.360416 0.416878 21.058285 0.179661 0.893070 -0.412489 90.194229 -0.520969 -0.269306 -0.809979 -5.343216 0.000000 0.000000 0.000000 1.000000
-0.837172 0.380520 0.392871 20.321888 0.204475 0.883969 -0.420461 89.938026 -0.507280 -0.271666 -0.817841 -4.883628 0.000000 0.000000 0.000000 1.000000
-0.843621 0.398824 0.359504 19.195765 0.230189 0.873530 -0.428903 89.538780 -0.485095 -0.279078 -0.828733 -4.542647 0.000000 0.000000 0.000000 1.000000
-0.852586 0.414943 0.317678 17.695637 0.256608 0.861976 -0.437206 89.019913 -0.455247 -0.291237 -0.841386 -4.258910 0.000000 0.000000 0.000000 1.000000
-0.863200 0.425884 0.271125 15.780272 0.280996 0.851441 -0.442820 88.265900 -0.419437 -0.306057 -0.854635 -4.002812 0.000000 0.000000 0.000000 1.000000
-0.875060 0.428599 0.224884 13.450661 0.299423 0.844404 -0.444216 87.132347 -0.380283 -0.321380 -0.867237 -3.708196 0.000000 0.000000 0.000000 1.000000
-0.887829 0.422265 0.182897 10.799198 0.309975 0.842535 -0.440511 85.602455 -0.340109 -0.334405 -0.878919 -3.313856 0.000000 0.000000 0.000000 1.000000
-0.901698 0.406938 0.146090 7.974268 0.312277 0.846642 -0.430907 83.808044 -0.299038 -0.342927 -0.890493 -2.768741 0.000000 0.000000 0.000000 1.000000
-0.916892 0.383317 0.111253 5.128065 0.307500 0.856096 -0.415383 81.994728 -0.254467 -0.346651 -0.902817 -2.081100 0.000000 0.000000 0.000000 1.000000
-0.932746 0.352968 0.073478 2.379692 0.297661 0.868915 -0.395455 80.401314 -0.203430 -0.346988 -0.915541 -1.315854 0.000000 0.000000 0.000000 1.000000
-0.947874 0.317244 0.029847 -0.224259 0.283846 0.883211 -0.373323 79.127396 -0.144796 -0.345391 -0.927221 -0.553438 0.000000 0.000000 0.000000 1.000000</float_array><technique_common><accessor source="#mixamorig_Hips-Matrix-animation-output-transform-array" count="32" stride="16"><param type="float4x4"/></accessor></technique_common></source><source id="mixamorig_Hips-Interpolations"><Name_array id="mixamorig_Hips-Interpolations-array" count="32">
 LINEAR LINEAR LINEAR LINEAR LINEAR LINEAR LINEAR LINEAR LINEAR LINEAR LINEAR
LINEAR LINEAR LINEAR LINEAR LINEAR LINEAR LINEAR LINEAR LINEAR LINEAR LINEAR LINEAR
LINEAR LINEAR LINEAR LINEAR LINEAR LINEAR LINEAR LINEAR LINEAR</Name_array><technique_common><accessor source="#mixamorig_Hips-Interpolations-array" count="32"><param type="name"/></accessor></technique_common></source><sampler id="mixamorig_Hips-Matrix-animation-transform"><input semantic="INPUT" source="#mixamorig_Hips-Matrix-animation-input"/><input semantic="OUTPUT" source="#mixamorig_Hips-Matrix-animation-output-transform"/><input semantic="INTERPOLATION" source="#mixamorig_Hips-Interpolations"/></sampler><channel source="#mixamorig_Hips-Matrix-animation-transform" target="mixamorig_Hips/matrix"/></animation>
    <animation id="mixamorig_Spine-anim" name="mixamorig_Spine"><source id="mixamorig_Spine-Matrix-animation-input"><float_array id="mixamorig_Spine-Matrix-animation-input-array" count="32">

0.000000 0.033333 0.066667 0.100000 0.133333 0.166667 0.200000 0.233333 0.266667 0.300000 0.333333 0.366667 0.400000 0.433333 0.466667 0.500000
0.533333 0.566667 0.600000 0.633333 0.666667 0.700000 0.733333 0.766667 0.800000 0.833333 0.866667 0.900000 0.933333 0.966667 1.000000 1.033333</float_array><technique_common><accessor source="#mixamorig_Spine-Matrix-animation-input-array" count="32"><param name="TIME" type="float"/></accessor></technique_common></source><source id="mixamorig_Spine-Matrix-animation-output-transform"><float_array id="mixamorig_Spine-Matrix-animation-output-transform-array" count="512">

0.979293 0.139136 -0.147059 0.000000 -0.175913 0.944343 -0.277976 10.181600 0.100198 0.298090 0.949264 0.131500 0.000000 0.000000 0.000000 1.000000
0.981834 0.139133 -0.129012 0.000000 -0.171194 0.942778 -0.286116 10.181600 0.081822 0.303005 0.949470 0.131500 0.000000 0.000000 0.000000 1.000000
0.983135 0.141150 -0.116283 0.000000 -0.169719 0.941041 -0.292637 10.181600 0.068121 0.307438 0.949127 0.131500 0.000000 0.000000 0.000000 1.000000
0.982726 0.146985 -0.112453 0.000000 -0.174414 0.938761 -0.297168 10.181600 0.061887 0.311648 0.948180 0.131500 0.000000 0.000000 0.000000 1.000000
0.980590 0.156065 -0.118687 0.000000 -0.185197 0.936014 -0.299300 10.181600 0.064382 0.315472 0.946748 0.131500 0.000000 0.000000 0.000000 1.000000
0.977537 0.164974 -0.131170 0.000000 -0.197696 0.933452 -0.299304 10.181600 0.073063 0.318513 0.945099 0.131500 0.000000 0.000000 0.000000 1.000000
0.974674 0.170407 -0.144818 0.000000 -0.207235 0.931640 -0.298497 10.181600 0.084052 0.320948 0.943360 0.131500 0.000000 0.000000 0.000000 1.000000
0.972523 0.171680 -0.157244 0.000000 -0.212484 0.930556 -0.298187 10.181600 0.095131 0.323406 0.941466 0.131500 0.000000 0.000000 0.000000 1.000000
0.970843 0.170107 -0.168904 0.000000 -0.214855 0.929946 -0.298393 10.181600 0.106312 0.325982 0.939379 0.131500 0.000000 0.000000 0.000000 1.000000
0.969212 0.167122 -0.180826 0.000000 -0.215950 0.929762 -0.298176 10.181600 0.118294 0.328045 0.937226 0.131500 0.000000 0.000000 0.000000 1.000000
0.967327 0.163870 -0.193456 0.000000 -0.216903 0.929973 -0.296822 10.181600 0.131268 0.329085 0.935132 0.131500 0.000000 0.000000 0.000000 1.000000
0.964954 0.162036 -0.206416 0.000000 -0.219152 0.930267 -0.294236 10.181600 0.144346 0.329161 0.933176 0.131500 0.000000 0.000000 0.000000 1.000000
0.962601 0.162448 -0.216818 -0.000000 -0.222571 0.930477 -0.290990 10.181600 0.154473 0.328365 0.931834 0.131500 0.000000 0.000000 0.000000 1.000000
0.962208 0.163078 -0.218087 0.000000 -0.223203 0.931086 -0.288546 10.181600 0.156002 0.326319 0.932298 0.131500 0.000000 0.000000 0.000000 1.000000
0.965991 0.158582 -0.204238 0.000000 -0.214196 0.933218 -0.288485 10.181600 0.144850 0.322421 0.935448 0.131500 0.000000 0.000000 0.000000 1.000000
0.973310 0.145004 -0.177883 0.000000 -0.192622 0.937528 -0.289720 10.181600 0.124760 0.316252 0.940436 0.131500 0.000000 0.000000 0.000000 1.000000
0.980650 0.125203 -0.150501 0.000000 -0.164710 0.943177 -0.288597 10.181600 0.105815 0.307802 0.945548 0.131500 0.000000 0.000000 0.000000 1.000000
0.985300 0.108250 -0.132158 -0.000000 -0.142216 0.948375 -0.283478 10.181600 0.094649 0.298106 0.949829 0.131500 0.000000 0.000000 0.000000 1.000000
0.987099 0.101708 -0.123656 -0.000000 -0.132745 0.951689 -0.276887 10.181600 0.089521 0.289729 0.952913 0.131500 0.000000 0.000000 0.000000 1.000000
0.986922 0.106069 -0.121387 0.000000 -0.135901 0.952467 -0.272650 10.181600 0.086697 0.285581 0.954425 0.131500 0.000000 0.000000 0.000000 1.000000
0.985824 0.115245 -0.121941 -0.000000 -0.144878 0.951262 -0.272233 10.181600 0.084624 0.286041 0.954473 0.131500 0.000000 0.000000 0.000000 1.000000
0.984887 0.122208 -0.122733 -0.000000 -0.151953 0.949737 -0.273697 10.181600 0.083116 0.288210 0.953953 0.131500 0.000000 0.000000 0.000000 1.000000
0.984441 0.124715 -0.123783 0.000000 -0.154690 0.949253 -0.273843 10.181600 0.083349 0.288730 0.953776 0.131500 0.000000 0.000000 0.000000 1.000000
0.983820 0.124927 -0.128416 -0.000000 -0.155986 0.949862 -0.270981 10.181600 0.088125 0.286628 0.953980 0.131500 0.000000 0.000000 0.000000 1.000000
0.982490 0.124577 -0.138545 -0.000000 -0.158062 0.950987 -0.265781 10.181600 0.098644 0.283025 0.954026 0.131500 0.000000 0.000000 0.000000 1.000000
0.980864 0.123211 -0.150745 0.000000 -0.159603 0.952286 -0.260150 10.181600 0.111499 0.279231 0.953728 0.131500 0.000000 0.000000 0.000000 1.000000
0.979826 0.120698 -0.159290 -0.000000 -0.159072 0.953499 -0.255998 10.181600 0.120984 0.276173 0.953463 0.131500 0.000000 0.000000 0.000000 1.000000
0.979521 0.119410 -0.162109 -0.000000 -0.158425 0.953997 -0.254542 10.181600 0.124256 0.275012 0.953378 0.131500 0.000000 0.000000 0.000000 1.000000
0.979456 0.121479 -0.160959 0.000000 -0.160348 0.953194 -0.256338 10.181600 0.122286 0.276881 0.953091 0.131500 0.000000 0.000000 0.000000 1.000000
0.979227 0.126832 -0.158204 -0.000000 -0.165381 0.951002 -0.261235 10.181600 0.117320 0.281972 0.952223 0.131500 0.000000 0.000000 0.000000 1.000000
0.978982 0.133532 -0.154153 0.000000 -0.171579 0.947851 -0.268589 10.181600 0.110249 0.289393 0.950840 0.131500 0.000000 0.000000 0.000000 1.000000
0.979293 0.139135 -0.147059 0.000000 -0.175913 0.944343 -0.277977 10.181600 0.100197 0.298091 0.949264 0.131500 0.000000 0.000000 0.000000 1.000000</float_array><technique_common><accessor source="#mixamorig_Spine-Matrix-animation-output-transform-array" count="32" stride="16"><param type="float4x4"/></accessor></technique_common></source><source id="mixamorig_Spine-Interpolations"><Name_array id="mixamorig_Spine-Interpolations-array" count="32">
 LINEAR LINEAR LINEAR LINEAR LINEAR LINEAR LINEAR LINEAR LINEAR LINEAR LINEAR
LINEAR LINEAR LINEAR LINEAR LINEAR LINEAR LINEAR LINEAR LINEAR LINEAR LINEAR LINEAR
LINEAR LINEAR LINEAR LINEAR LINEAR LINEAR LINEAR LINEAR LINEAR</Name_array><technique_common><accessor source="#mixamorig_Spine-Interpolations-array" count="32"><param type="name"/></accessor></technique_common></source><sampler id="mixamorig_Spine-Matrix-animation-transform"><input semantic="INPUT" source="#mixamorig_Spine-Matrix-animation-input"/><input semantic="OUTPUT" source="#mixamorig_Spine-Matrix-animation-output-transform"/><input semantic="INTERPOLATION" source="#mixamorig_Spine-Interpolations"/></sampler><channel source="#mixamorig_Spine-Matrix-animation-transform" target="mixamorig_Spine/matrix"/></animation>
    <animation id="mixamorig_Spine1-anim" name="mixamorig_Spine1"><source id="mixamorig_Spine1-Matrix-animation-input"><float_array id="mixamorig_Spine1-Matrix-animation-input-array" count="32">

0.000000 0.033333 0.066667 0.100000 0.133333 0.166667 0.200000 0.233333 0.266667 0.300000 0.333333 0.366667 0.400000 0.433333 0.466667 0.500000
0.533333 0.566667 0.600000 0.633333 0.666667 0.700000 0.733333 0.766667 0.800000 0.833333 0.866667 0.900000 0.933333 0.966667 1.000000 1.033333</float_array><technique_common><accessor source="#mixamorig_Spine1-Matrix-animation-input-array" count="32"><param name="TIME" type="float"/></accessor></technique_common></source><source id="mixamorig_Spine1-Matrix-animation-output-transform"><float_array id="mixamorig_Spine1-Matrix-animation-output-transform-array" count="512">

0.997420 0.071589 0.005244 0.000000 -0.071780 0.994551 0.075606 10.083500 0.000197 -0.075788 0.997124 -1.000800 0.000000 0.000000 0.000000 1.000000
0.997714 0.065621 0.016126 0.000000 -0.066592 0.995342 0.069714 10.083500 -0.011476 -0.070629 0.997437 -1.000800 0.000000 0.000000 0.000000 1.000000
0.997747 0.061612 0.026539 0.000000 -0.063229 0.995872 0.065126 10.083500 -0.022417 -0.066658 0.997524 -1.000800 0.000000 0.000000 0.000000 1.000000
0.997488 0.061807 0.034593 -0.000000 -0.063861 0.996042 0.061822 10.083500 -0.030635 -0.063876 0.997488 -1.000800 0.000000 0.000000 0.000000 1.000000
0.997034 0.066297 0.039095 0.000000 -0.068566 0.995848 0.059874 10.083500 -0.034964 -0.062377 0.997440 -1.000800 0.000000 0.000000 0.000000 1.000000
0.996553 0.072550 0.040239 0.000000 -0.074858 0.995435 0.059199 10.083500 -0.035760 -0.062007 0.997435 -1.000800 0.000000 0.000000 0.000000 1.000000
0.996217 0.077695 0.038934 0.000000 -0.079916 0.995044 0.059165 10.083500 -0.034144 -0.062052 0.997489 -1.000800 0.000000 0.000000 0.000000 1.000000
0.996097 0.080643 0.035895 -0.000000 -0.082666 0.994831 0.058978 10.083500 -0.030954 -0.061715 0.997614 -1.000800 0.000000 0.000000 0.000000 1.000000
0.996133 0.082044 0.031428 0.000000 -0.083779 0.994761 0.058579 10.083500 -0.026458 -0.060985 0.997788 -1.000800 0.000000 0.000000 0.000000 1.000000
0.996221 0.082938 0.025769 -0.000000 -0.084328 0.994712 0.058615 10.083500 -0.020772 -0.060567 0.997948 -1.000800 0.000000 0.000000 0.000000 1.000000
0.996287 0.083856 0.019505 0.000000 -0.084881 0.994608 0.059574 10.083500 -0.014404 -0.061009 0.998033 -1.000800 0.000000 0.000000 0.000000 1.000000
0.996296 0.084900 0.013632 0.000000 -0.085581 0.994440 0.061366 10.083500 -0.008346 -0.062305 0.998022 -1.000800 0.000000 0.000000 0.000000 1.000000
0.996251 0.086048 0.008914 0.000000 -0.086442 0.994227 0.063570 10.083500 -0.003392 -0.064102 0.997938 -1.000800 0.000000 0.000000 0.000000 1.000000
0.996193 0.087028 0.004986 0.000000 -0.087167 0.994028 0.065652 10.083500 0.000757 -0.065836 0.997830 -1.000800 0.000000 0.000000 0.000000 1.000000
0.996207 0.087012 0.000397 0.000000 -0.086841 0.993944 0.067335 10.083500 0.005465 -0.067114 0.997730 -1.000800 0.000000 0.000000 0.000000 1.000000
0.996371 0.084922 -0.005808 0.000000 -0.084317 0.994022 0.069366 10.083500 0.011664 -0.068625 0.997574 -1.000800 0.000000 0.000000 0.000000 1.000000
0.996685 0.080438 -0.012217 -0.000000 -0.079335 0.994149 0.073302 10.083500 0.018041 -0.072090 0.997235 -1.000800 0.000000 0.000000 0.000000 1.000000
0.997072 0.074886 -0.015500 0.000000 -0.073429 0.994128 0.079479 10.083500 0.021361 -0.078108 0.996716 -1.000800 0.000000 0.000000 0.000000 1.000000
0.997379 0.071062 -0.013592 0.000000 -0.069648 0.993895 0.085572 10.083500 0.019590 -0.084401 0.996239 -1.000800 0.000000 0.000000 0.000000 1.000000
0.997424 0.071266 -0.008160 -0.000000 -0.070270 0.993604 0.088395 10.083500 0.014408 -0.087594 0.996052 -1.000800 0.000000 0.000000 0.000000 1.000000
0.997189 0.074864 -0.003020 0.000000 -0.074315 0.993408 0.087278 10.083500 0.009535 -0.086808 0.996179 -1.000800 0.000000 0.000000 0.000000 1.000000
0.996900 0.078677 -0.000320 0.000000 -0.078367 0.993310 0.084822 10.083500 0.006991 -0.084534 0.996396 -1.000800 0.000000 0.000000 0.000000 1.000000
0.996784 0.080127 0.000616 0.000000 -0.079895 0.993249 0.084105 10.083500 0.006127 -0.083884 0.996457 -1.000800 0.000000 0.000000 0.000000 1.000000
0.996863 0.079138 0.000874 0.000000 -0.078920 0.993160 0.086057 10.083500 0.005942 -0.085856 0.996290 -1.000800 0.000000 0.000000 0.000000 1.000000
0.997026 0.077062 0.000047 -0.000000 -0.076755 0.993009 0.089675 10.083500 0.006864 -0.089412 0.995971 -1.000800 0.000000 0.000000 0.000000 1.000000
0.997184 0.074944 -0.002566 0.000000 -0.074376 0.992828 0.093603 10.083500 0.009563 -0.093149 0.995606 -1.000800 0.000000 0.000000 0.000000 1.000000
0.997302 0.073159 -0.005991 0.000000 -0.072239 0.992683 0.096757 10.083500 0.013025 -0.096063 0.995290 -1.000800 0.000000 0.000000 0.000000 1.000000
0.997386 0.071812 -0.008009 -0.000000 -0.070685 0.992672 0.098013 10.083500 0.014989 -0.097191 0.995153 -1.000800 0.000000 0.000000 0.000000 1.000000
0.997451 0.070989 -0.007283 -0.000000 -0.069961 0.992887 0.096341 10.083500 0.014070 -0.095585 0.995322 -1.000800 0.000000 0.000000 0.000000 1.000000
0.997484 0.070771 -0.004208 -0.000000 -0.070091 0.993333 0.091525 10.083500 0.010657 -0.090999 0.995794 -1.000800 0.000000 0.000000 0.000000 1.000000
0.997470 0.071082 0.000162 -0.000000 -0.070842 0.993918 0.084313 10.083500 0.005833 -0.084111 0.996439 -1.000800 0.000000 0.000000 0.000000 1.000000
0.997420 0.071588 0.005244 -0.000000 -0.071780 0.994551 0.075606 10.083500 0.000197 -0.075788 0.997124 -1.000800 0.000000 0.000000 0.000000 1.000000</float_array><technique_common><accessor source="#mixamorig_Spine1-Matrix-animation-output-transform-array" count="32" stride="16"><param type="float4x4"/></accessor></technique_common></source><source id="mixamorig_Spine1-Interpolations"><Name_array id="mixamorig_Spine1-Interpolations-array" count="32">
 LINEAR LINEAR LINEAR LINEAR LINEAR LINEAR LINEAR LINEAR LINEAR LINEAR LINEAR
LINEAR LINEAR LINEAR LINEAR LINEAR LINEAR LINEAR LINEAR LINEAR LINEAR LINEAR LINEAR
LINEAR LINEAR LINEAR LINEAR LINEAR LINEAR LINEAR LINEAR LINEAR</Name_array><technique_common><accessor source="#mixamorig_Spine1-Interpolations-array" count="32"><param type="name"/></accessor></technique_common></source><sampler id="mixamorig_Spine1-Matrix-animation-transform"><input semantic="INPUT" source="#mixamorig_Spine1-Matrix-animation-input"/><input semantic="OUTPUT" source="#mixamorig_Spine1-Matrix-animation-output-transform"/><input semantic="INTERPOLATION" source="#mixamorig_Spine1-Interpolations"/></sampler><channel source="#mixamorig_Spine1-Matrix-animation-transform" target="mixamorig_Spine1/matrix"/></animation>
    <animation id="mixamorig_Spine2-anim" name="mixamorig_Spine2"><source id="mixamorig_Spine2-Matrix-animation-input"><float_array id="mixamorig_Spine2-Matrix-animation-input-array" count="32">

0.000000 0.033333 0.066667 0.100000 0.133333 0.166667 0.200000 0.233333 0.266667 0.300000 0.333333 0.366667 0.400000 0.433333 0.466667 0.500000
0.533333 0.566667 0.600000 0.633333 0.666667 0.700000 0.733333 0.766667 0.800000 0.833333 0.866667 0.900000 0.933333 0.966667 1.000000 1.033333</float_array><technique_common><accessor source="#mixamorig_Spine2-Matrix-animation-input-array" count="32"><param name="TIME" type="float"/></accessor></technique_common></source><source id="mixamorig_Spine2-Matrix-animation-output-transform"><float_array id="mixamorig_Spine2-Matrix-animation-output-transform-array" count="512">

0.997197 0.074335 -0.008501 0.000000 -0.074550 0.996806 -0.028622 9.100000 0.006346 0.029176 0.999554 -1.373400 0.000000 0.000000 0.000000 1.000000
0.997619 0.068938 0.001929 -0.000000 -0.068829 0.997015 -0.034977 9.100000 -0.004334 0.034761 0.999386 -1.373400 0.000000 0.000000 0.000000 1.000000
0.997781 0.065525 0.011843 0.000000 -0.065004 0.997081 -0.040042 9.100000 -0.014432 0.039183 0.999128 -1.373400 0.000000 0.000000 0.000000 1.000000
0.997618 0.066226 0.019274 -0.000000 -0.065334 0.996905 -0.043735 9.100000 -0.022111 0.042371 0.998857 -1.373400 0.000000 0.000000 0.000000 1.000000
0.997206 0.071043 0.023086 0.000000 -0.069929 0.996495 -0.045899 9.100000 -0.026266 0.044156 0.998679 -1.373400 0.000000 0.000000 0.000000 1.000000
0.996718 0.077424 0.023657 -0.000000 -0.076262 0.995998 -0.046604 9.100000 -0.027171 0.044647 0.998633 -1.373400 0.000000 0.000000 0.000000 1.000000
0.996344 0.082541 0.022038 0.000000 -0.081449 0.995591 -0.046536 9.100000 -0.025782 0.044571 0.998673 -1.373400 0.000000 0.000000 0.000000 1.000000
0.996172 0.085341 0.018902 0.000000 -0.084387 0.995345 -0.046556 9.100000 -0.022787 0.044782 0.998737 -1.373400 0.000000 0.000000 0.000000 1.000000
0.996148 0.086497 0.014416 0.000000 -0.085740 0.995220 -0.046760 9.100000 -0.018392 0.045344 0.998802 -1.373400 0.000000 0.000000 0.000000 1.000000
0.996164 0.087063 0.008746 0.000000 -0.086567 0.995160 -0.046506 9.100000 -0.012753 0.045571 0.998880 -1.373400 0.000000 0.000000 0.000000 1.000000
0.996152 0.087605 0.002516 -0.000000 -0.087402 0.995142 -0.045310 9.100000 -0.006474 0.044915 0.998970 -1.373400 0.000000 0.000000 0.000000 1.000000
0.996090 0.088286 -0.003270 0.000000 -0.088345 0.995149 -0.043286 9.100000 -0.000568 0.043406 0.999057 -1.373400 0.000000 0.000000 0.000000 1.000000
0.995988 0.089134 -0.007910 0.000000 -0.089384 0.995158 -0.040881 9.100000 0.004228 0.041424 0.999133 -1.373400 0.000000 0.000000 0.000000 1.000000
0.995886 0.089856 -0.011723 0.000000 -0.090246 0.995170 -0.038623 9.100000 0.008196 0.039522 0.999185 -1.373400 0.000000 0.000000 0.000000 1.000000
0.995856 0.089545 -0.015908 0.000000 -0.090078 0.995256 -0.036752 9.100000 0.012541 0.038032 0.999198 -1.373400 0.000000 0.000000 0.000000 1.000000
0.995976 0.087089 -0.021148 0.000000 -0.087784 0.995541 -0.034522 9.100000 0.018047 0.036240 0.999180 -1.373400 0.000000 0.000000 0.000000 1.000000
0.996268 0.082269 -0.026122 0.000000 -0.083051 0.996080 -0.030440 9.100000 0.023516 0.032496 0.999195 -1.373400 0.000000 0.000000 0.000000 1.000000
0.996670 0.076593 -0.027978 0.000000 -0.077276 0.996715 -0.024223 9.100000 0.026031 0.026304 0.999315 -1.373400 0.000000 0.000000 0.000000 1.000000
0.997019 0.072937 -0.025175 0.000000 -0.073404 0.997136 -0.018183 9.100000 0.023777 0.019977 0.999518 -1.373400 0.000000 0.000000 0.000000 1.000000
0.997105 0.073471 -0.019570 0.000000 -0.073778 0.997155 -0.015440 9.100000 0.018380 0.016839 0.999689 -1.373400 0.000000 0.000000 0.000000 1.000000
0.996896 0.077345 -0.014685 -0.000000 -0.077586 0.996847 -0.016597 9.100000 0.013355 0.017685 0.999754 -1.373400 0.000000 0.000000 0.000000 1.000000
0.996616 0.081289 -0.012193 0.000000 -0.081512 0.996490 -0.019047 9.100000 0.010602 0.019976 0.999744 -1.373400 0.000000 0.000000 0.000000 1.000000
0.996505 0.082781 -0.011220 0.000000 -0.082991 0.996355 -0.019750 9.100000 0.009544 0.020612 0.999742 -1.373400 0.000000 0.000000 0.000000 1.000000
0.996590 0.081804 -0.010809 0.000000 -0.081987 0.996474 -0.017801 9.100000 0.009315 0.018627 0.999783 -1.373400 0.000000 0.000000 0.000000 1.000000
0.996754 0.079684 -0.011524 0.000000 -0.079844 0.996706 -0.014189 9.100000 0.010356 0.015063 0.999833 -1.373400 0.000000 0.000000 0.000000 1.000000
0.996898 0.077436 -0.014056 0.000000 -0.077583 0.996933 -0.010253 9.100000 0.013219 0.011312 0.999849 -1.373400 0.000000 0.000000 0.000000 1.000000
0.996995 0.075485 -0.017387 -0.000000 -0.075618 0.997112 -0.007082 9.100000 0.016802 0.008376 0.999824 -1.373400 0.000000 0.000000 0.000000 1.000000
0.997067 0.074044 -0.019380 0.000000 -0.074169 0.997229 -0.005825 9.100000 0.018895 0.007246 0.999795 -1.373400 0.000000 0.000000 0.000000 1.000000
0.997135 0.073253 -0.018864 0.000000 -0.073405 0.997274 -0.007535 9.100000 0.018261 0.008898 0.999794 -1.373400 0.000000 0.000000 0.000000 1.000000
0.997186 0.073162 -0.016327 0.000000 -0.073368 0.997227 -0.012433 9.100000 0.015372 0.013596 0.999789 -1.373400 0.000000 0.000000 0.000000 1.000000
0.997203 0.073640 -0.012742 0.000000 -0.073883 0.997071 -0.019765 9.100000 0.011249 0.020651 0.999723 -1.373400 0.000000 0.000000 0.000000 1.000000
0.997197 0.074335 -0.008501 0.000000 -0.074550 0.996806 -0.028622 9.100000 0.006346 0.029176 0.999554 -1.373400 0.000000 0.000000 0.000000 1.000000</float_array><technique_common><accessor source="#mixamorig_Spine2-Matrix-animation-output-transform-array" count="32" stride="16"><param type="float4x4"/></accessor></technique_common></source><source id="mixamorig_Spine2-Interpolations"><Name_array id="mixamorig_Spine2-Interpolations-array" count="32">
 LINEAR LINEAR LINEAR LINEAR LINEAR LINEAR LINEAR LINEAR LINEAR LINEAR LINEAR
LINEAR LINEAR LINEAR LINEAR LINEAR LINEAR LINEAR LINEAR LINEAR LINEAR LINEAR LINEAR
LINEAR LINEAR LINEAR LINEAR LINEAR LINEAR LINEAR LINEAR LINEAR</Name_array><technique_common><accessor source="#mixamorig_Spine2-Interpolations-array" count="32"><param type="name"/></accessor></technique_common></source><sampler id="mixamorig_Spine2-Matrix-animation-transform"><input semantic="INPUT" source="#mixamorig_Spine2-Matrix-animation-input"/><input semantic="OUTPUT" source="#mixamorig_Spine2-Matrix-animation-output-transform"/><input semantic="INTERPOLATION" source="#mixamorig_Spine2-Interpolations"/></sampler><channel source="#mixamorig_Spine2-Matrix-animation-transform" target="mixamorig_Spine2/matrix"/></animation>
    <animation id="mixamorig_Neck-anim" name="mixamorig_Neck"><source id="mixamorig_Neck-Matrix-animation-input"><float_array id="mixamorig_Neck-Matrix-animation-input-array" count="32">

0.000000 0.033333 0.066667 0.100000 0.133333 0.166667 0.200000 0.233333 0.266667 0.300000 0.333333 0.366667 0.400000 0.433333 0.466667 0.500000
0.533333 0.566667 0.600000 0.633333 0.666667 0.700000 0.733333 0.766667 0.800000 0.833333 0.866667 0.900000 0.933333 0.966667 1.000000 1.033333</float_array><technique_common><accessor source="#mixamorig_Neck-Matrix-animation-input-array" count="32"><param name="TIME" type="float"/></accessor></technique_common></source><source id="mixamorig_Neck-Matrix-animation-output-transform"><float_array id="mixamorig_Neck-Matrix-animation-output-transform-array" count="512">

0.999243 -0.003154 -0.038766 -0.000000 0.014397 0.955906 0.293321 16.671700 0.036131 -0.293657 0.955228 -2.516200 0.000000 0.000000 0.000000 1.000000
0.999913 -0.012675 -0.003557 -0.000000 0.013161 0.956393 0.291785 16.671700 -0.000297 -0.291807 0.956477 -2.516200 0.000000 0.000000 0.000000 1.000000
0.999442 -0.018767 0.027617 -0.000000 0.009801 0.955558 0.294639 16.671700 -0.031919 -0.294204 0.955210 -2.516200 0.000000 0.000000 0.000000 1.000000
0.998351 -0.024484 0.051929 -0.000000 0.007840 0.954174 0.299149 16.671700 -0.056874 -0.298248 0.952792 -2.516200 0.000000 0.000000 0.000000 1.000000
0.997226 -0.028942 0.068581 0.000000 0.006956 0.953518 0.301256 16.671700 -0.074112 -0.299943 0.951074 -2.516200 0.000000 0.000000 0.000000 1.000000
0.996423 -0.028554 0.079533 0.000000 0.003653 0.954855 0.297049 16.671700 -0.084425 -0.295696 0.951544 -2.516200 0.000000 0.000000 0.000000 1.000000
0.995909 -0.022125 0.087610 0.000000 -0.003777 0.958520 0.285000 16.671700 -0.090282 -0.284165 0.954515 -2.516200 0.000000 0.000000 0.000000 1.000000
0.995438 -0.012720 0.094562 0.000000 -0.013034 0.963657 0.266824 16.671700 -0.094519 -0.266839 0.959095 -2.516200 0.000000 0.000000 0.000000 1.000000
0.994947 -0.005019 0.100273 0.000000 -0.019959 0.968926 0.246544 16.671700 -0.098394 -0.247300 0.963930 -2.516200 0.000000 0.000000 0.000000 1.000000
0.994679 -0.003220 0.102976 0.000000 -0.020457 0.973435 0.228048 16.671700 -0.100975 -0.228941 0.968189 -2.516200 0.000000 0.000000 0.000000 1.000000
0.994892 -0.010046 0.100448 0.000000 -0.011585 0.977101 0.212461 16.671700 -0.100282 -0.212539 0.971993 -2.516200 0.000000 0.000000 0.000000 1.000000
0.995503 -0.024086 0.091617 0.000000 0.005541 0.980284 0.197514 16.671700 -0.094568 -0.196118 0.976010 -2.516200 0.000000 0.000000 0.000000 1.000000
0.996289 -0.038395 0.077038 0.000000 0.023983 0.983382 0.179958 16.671700 -0.082667 -0.177443 0.980653 -2.516200 0.000000 0.000000 0.000000 1.000000
0.997311 -0.045420 0.057510 0.000000 0.035729 0.986543 0.159553 16.671700 -0.063983 -0.157069 0.985513 -2.516200 0.000000 0.000000 0.000000 1.000000
0.998485 -0.044116 0.032895 -0.000000 0.039033 0.989132 0.141757 16.671700 -0.038791 -0.140258 0.989355 -2.516200 0.000000 0.000000 0.000000 1.000000
0.999207 -0.039666 0.003373 0.000000 0.038832 0.989832 0.136840 16.671700 -0.008767 -0.136601 0.990587 -2.516200 0.000000 0.000000 0.000000 1.000000
0.998967 -0.035667 -0.028155 0.000000 0.039592 0.987264 0.154088 16.671700 0.022301 -0.155044 0.987656 -2.516200 0.000000 0.000000 0.000000 1.000000
0.998000 -0.029453 -0.055926 -0.000000 0.039761 0.980344 0.193248 16.671700 0.049135 -0.195085 0.979555 -2.516200 0.000000 0.000000 0.000000 1.000000
0.997100 -0.016638 -0.074267 0.000000 0.034091 0.970080 0.240380 16.671700 0.068045 -0.242214 0.967834 -2.516200 0.000000 0.000000 0.000000 1.000000
0.996686 0.002843 -0.081294 0.000000 0.019698 0.961210 0.275115 16.671700 0.078923 -0.275805 0.957968 -2.516200 0.000000 0.000000 0.000000 1.000000
0.996445 0.025785 -0.080207 0.000000 -0.001784 0.958260 0.285891 16.671700 0.084231 -0.284732 0.954900 -2.516200 0.000000 0.000000 0.000000 1.000000
0.995790 0.049965 -0.076844 0.000000 -0.026660 0.959999 0.278731 16.671700 0.087697 -0.275509 0.957290 -2.516200 0.000000 0.000000 0.000000 1.000000
0.994393 0.074190 -0.075361 0.000000 -0.051254 0.961440 0.270197 16.671700 0.092501 -0.264819 0.959851 -2.516200 0.000000 0.000000 0.000000 1.000000
0.992529 0.095584 -0.075833 0.000000 -0.071649 0.959669 0.271848 16.671700 0.098759 -0.264384 0.959348 -2.516200 0.000000 0.000000 0.000000 1.000000
0.991070 0.109610 -0.075929 -0.000000 -0.083996 0.955458 0.282922 16.671700 0.103558 -0.274018 0.956133 -2.516200 0.000000 0.000000 0.000000 1.000000
0.990783 0.113065 -0.074608 0.000000 -0.086196 0.951086 0.296658 16.671700 0.104500 -0.287492 0.952065 -2.516200 0.000000 0.000000 0.000000 1.000000
0.991614 0.106246 -0.073580 -0.000000 -0.078679 0.947968 0.308490 16.671700 0.102527 -0.300114 0.948378 -2.516200 0.000000 0.000000 0.000000 1.000000
0.992920 0.092283 -0.074791 -0.000000 -0.064135 0.946466 0.316368 16.671700 0.099982 -0.309332 0.945684 -2.516200 0.000000 0.000000 0.000000 1.000000
0.994279 0.074329 -0.076708 -0.000000 -0.046261 0.946972 0.317969 16.671700 0.096275 -0.312601 0.944993 -2.516200 0.000000 0.000000 0.000000 1.000000
0.995847 0.053036 -0.073997 0.000000 -0.027373 0.949610 0.312236 16.671700 0.086828 -0.308914 0.947118 -2.516200 0.000000 0.000000 0.000000 1.000000
0.997712 0.027324 -0.061835 0.000000 -0.007374 0.953210 0.302220 16.671700 0.067200 -0.301072 0.951231 -2.516200 0.000000 0.000000 0.000000 1.000000
0.999243 -0.003154 -0.038766 0.000000 0.014397 0.955906 0.293321 16.671700 0.036131 -0.293657 0.955228 -2.516200 0.000000 0.000000 0.000000 1.000000</float_array><technique_common><accessor source="#mixamorig_Neck-Matrix-animation-output-transform-array" count="32" stride="16"><param type="float4x4"/></accessor></technique_common></source><source id="mixamorig_Neck-Interpolations"><Name_array id="mixamorig_Neck-Interpolations-array" count="32">
 LINEAR LINEAR LINEAR LINEAR LINEAR LINEAR LINEAR LINEAR LINEAR LINEAR LINEAR
LINEAR LINEAR LINEAR LINEAR LINEAR LINEAR LINEAR LINEAR LINEAR LINEAR LINEAR LINEAR
LINEAR LINEAR LINEAR LINEAR LINEAR LINEAR LINEAR LINEAR LINEAR</Name_array><technique_common><accessor source="#mixamorig_Neck-Interpolations-array" count="32"><param type="name"/></accessor></technique_common></source><sampler id="mixamorig_Neck-Matrix-animation-transform"><input semantic="INPUT" source="#mixamorig_Neck-Matrix-animation-input"/><input semantic="OUTPUT" source="#mixamorig_Neck-Matrix-animation-output-transform"/><input semantic="INTERPOLATION" source="#mixamorig_Neck-Interpolations"/></sampler><channel source="#mixamorig_Neck-Matrix-animation-transform" target="mixamorig_Neck/matrix"/></animation>
    <animation id="mixamorig_Head-anim" name="mixamorig_Head"><source id="mixamorig_Head-Matrix-animation-input"><float_array id="mixamorig_Head-Matrix-animation-input-array" count="32">

0.000000 0.033333 0.066667 0.100000 0.133333 0.166667 0.200000 0.233333 0.266667 0.300000 0.333333 0.366667 0.400000 0.433333 0.466667 0.500000
0.533333 0.566667 0.600000 0.633333 0.666667 0.700000 0.733333 0.766667 0.800000 0.833333 0.866667 0.900000 0.933333 0.966667 1.000000 1.033333</float_array><technique_common><accessor source="#mixamorig_Head-Matrix-animation-input-array" count="32"><param name="TIME" type="float"/></accessor></technique_common></source><source id="mixamorig_Head-Matrix-animation-output-transform"><float_array id="mixamorig_Head-Matrix-animation-output-transform-array" count="512">

0.733442 -0.232461 -0.638768 0.000000 0.334952 0.941297 0.042039 9.617900 0.591498 -0.244790 0.768250 1.685000 0.000000 0.000000 0.000000 1.000000
0.768987 -0.206787 -0.604895 -0.000000 0.301372 0.951755 0.057764 9.617900 0.563767 -0.226719 0.794208 1.685000 0.000000 0.000000 0.000000 1.000000
0.793691 -0.195414 -0.576080 -0.000000 0.279719 0.958183 0.060352 9.617900 0.540197 -0.209041 0.815162 1.685000 0.000000 0.000000 0.000000 1.000000
0.808482 -0.196358 -0.554798 0.000000 0.270720 0.961123 0.054339 9.617900 0.522559 -0.194127 0.830209 1.685000 0.000000 0.000000 0.000000 1.000000
0.815289 -0.204684 -0.541672 0.000000 0.270554 0.961707 0.043815 9.617900 0.511961 -0.182273 0.839448 1.685000 0.000000 0.000000 0.000000 1.000000
0.816865 -0.215177 -0.535191 0.000000 0.273975 0.961214 0.031708 9.617900 0.507611 -0.172530 0.844136 1.685000 0.000000 0.000000 0.000000 1.000000
0.815774 -0.225291 -0.532688 -0.000000 0.278597 0.960188 0.020556 9.617900 0.506850 -0.165174 0.846062 1.685000 0.000000 0.000000 0.000000 1.000000
0.813885 -0.234525 -0.531591 -0.000000 0.284150 0.958704 0.012088 9.617900 0.506803 -0.160890 0.846915 1.685000 0.000000 0.000000 0.000000 1.000000
0.812125 -0.242488 -0.530710 -0.000000 0.289450 0.957177 0.005587 9.617900 0.506628 -0.158151 0.847535 1.685000 0.000000 0.000000 0.000000 1.000000
0.810727 -0.247688 -0.530445 -0.000000 0.291777 0.956486 -0.000676 9.617900 0.507531 -0.154223 0.847719 1.685000 0.000000 0.000000 0.000000 1.000000
0.809366 -0.248677 -0.532059 -0.000000 0.289801 0.957065 -0.006476 9.617900 0.510826 -0.148950 0.846682 1.685000 0.000000 0.000000 0.000000 1.000000
0.806359 -0.247281 -0.537249 -0.000000 0.286769 0.957942 -0.010502 9.617900 0.517250 -0.145598 0.843358 1.685000 0.000000 0.000000 0.000000 1.000000
0.798438 -0.249321 -0.548030 -0.000000 0.289437 0.957098 -0.013734 9.617900 0.527943 -0.147654 0.836346 1.685000 0.000000 0.000000 0.000000 1.000000
0.782926 -0.259109 -0.565588 0.000000 0.301852 0.953169 -0.018824 9.617900 0.543978 -0.155987 0.824473 1.685000 0.000000 0.000000 0.000000 1.000000
0.760971 -0.272946 -0.588578 0.000000 0.319743 0.947152 -0.025835 9.617900 0.564524 -0.168534 0.808028 1.685000 0.000000 0.000000 0.000000 1.000000
0.738118 -0.280913 -0.613408 -0.000000 0.332609 0.942541 -0.031410 9.617900 0.586986 -0.180841 0.789141 1.685000 0.000000 0.000000 0.000000 1.000000
0.720266 -0.276451 -0.636232 0.000000 0.332343 0.942570 -0.033319 9.617900 0.608904 -0.187449 0.770778 1.685000 0.000000 0.000000 0.000000 1.000000
0.709008 -0.263071 -0.654294 0.000000 0.320398 0.946693 -0.033445 9.617900 0.628214 -0.185921 0.755500 1.685000 0.000000 0.000000 0.000000 1.000000
0.701700 -0.251525 -0.666598 -0.000000 0.307927 0.950780 -0.034613 9.617900 0.642494 -0.180976 0.744614 1.685000 0.000000 0.000000 0.000000 1.000000
0.694766 -0.250908 -0.674052 -0.000000 0.308017 0.950684 -0.036399 9.617900 0.649943 -0.182331 0.737787 1.685000 0.000000 0.000000 0.000000 1.000000
0.686059 -0.261897 -0.678773 0.000000 0.324931 0.945044 -0.036216 9.617900 0.650956 -0.195708 0.733454 1.685000 0.000000 0.000000 0.000000 1.000000
0.675502 -0.277589 -0.683111 0.000000 0.350362 0.936001 -0.033893 9.617900 0.648801 -0.216442 0.729527 1.685000 0.000000 0.000000 0.000000 1.000000
0.664820 -0.290171 -0.688342 0.000000 0.371284 0.927947 -0.032580 9.617900 0.648199 -0.233910 0.724655 1.685000 0.000000 0.000000 0.000000 1.000000
0.656657 -0.296354 -0.693524 0.000000 0.380974 0.923957 -0.034100 9.617900 0.650892 -0.241823 0.719626 1.685000 0.000000 0.000000 0.000000 1.000000
0.653489 -0.296793 -0.696323 0.000000 0.381624 0.923635 -0.035532 9.617900 0.653694 -0.242514 0.716848 1.685000 0.000000 0.000000 0.000000 1.000000
0.656290 -0.292456 -0.695524 -0.000000 0.378113 0.925198 -0.032247 9.617900 0.652928 -0.241823 0.717779 1.685000 0.000000 0.000000 0.000000 1.000000
0.663201 -0.284071 -0.692436 0.000000 0.372655 0.927668 -0.023653 9.617900 0.649070 -0.242353 0.721091 1.685000 0.000000 0.000000 0.000000 1.000000
0.670364 -0.274539 -0.689377 0.000000 0.366409 0.930346 -0.014199 9.617900 0.645257 -0.243075 0.724263 1.685000 0.000000 0.000000 0.000000 1.000000
0.676074 -0.267796 -0.686447 0.000000 0.361746 0.932247 -0.007408 9.617900 0.641922 -0.243311 0.727143 1.685000 0.000000 0.000000 0.000000 1.000000
0.684447 -0.263036 -0.679959 0.000000 0.358719 0.933446 -0.000008 9.617900 0.634707 -0.243908 0.733250 1.685000 0.000000 0.000000 0.000000 1.000000
0.702314 -0.253620 -0.665156 0.000000 0.352267 0.935777 0.015139 9.617900 0.618598 -0.244945 0.746551 1.685000 0.000000 0.000000 0.000000 1.000000
0.733442 -0.232461 -0.638768 -0.000000 0.334952 0.941297 0.042039 9.617900 0.591498 -0.244790 0.768250 1.685000 0.000000 0.000000 0.000000 1.000000</float_array><technique_common><accessor source="#mixamorig_Head-Matrix-animation-output-transform-array" count="32" stride="16"><param type="float4x4"/></accessor></technique_common></source><source id="mixamorig_Head-Interpolations"><Name_array id="mixamorig_Head-Interpolations-array" count="32">
 LINEAR LINEAR LINEAR LINEAR LINEAR LINEAR LINEAR LINEAR LINEAR LINEAR LINEAR
LINEAR LINEAR LINEAR LINEAR LINEAR LINEAR LINEAR LINEAR LINEAR LINEAR LINEAR LINEAR
