<?xml version="1.0" encoding="utf-8"?>
<COLLADA xmlns="http://www.collada.org/2005/11/COLLADASchema" version="1.4.1">
  <asset><contributor><author>Mixamo</author><authoring_tool>COLLADA Mixamo exporter</authoring_tool><comments></comments></contributor><created>2018-12-18T17:46:49Z</created><modified>2018-12-18T17:46:49Z</modified><revision></revision><title></title><unit meter="0.010000"/><up_axis>Y_UP</up_axis></asset>
  <library_animations>
    <animation id="mixamorig_Hips-anim" name="mixamorig_Hips"><source id="mixamorig_Hips-Matrix-animation-input"><float_array id="mixamorig_Hips-Matrix-animation-input-array" count="101">

0.000000 0.033333 0.066667 0.100000 0.133333 0.166667 0.200000 0.233333 0.266667 0.300000 0.333333 0.366667 0.400000 0.433333 0.466667 0.500000
0.533333 0.566667 0.600000 0.633333 0.666667 0.700000 0.733333 0.766667 0.800000 0.833333 0.866667 0.900000 0.933333 0.966667 1.000000 1.033333
1.066667 1.100000 1.133333 1.166667 1.200000 1.233333 1.266667 1.300000 1.333333 1.366667 1.400000 1.433333 1.466667 1.500000 1.533333 1.566667
1.600000 1.633333 1.666667 1.700000 1.733333 1.766667 1.800000 1.833333 1.866667 1.900000 1.933333 1.966667 2.000000 2.033333 2.066667 2.100000
2.133333 2.166667 2.200000 2.233333 2.266667 2.300000 2.333333 2.366667 2.400000 2.433333 2.466667 2.500000 2.533333 2.566667 2.600000 2.633333
2.666667 2.700000 2.733333 2.766667 2.800000 2.833333 2.866667 2.900000 2.933333 2.966667 3.000000 3.033333 3.066667 3.100000 3.133333 3.166667
3.200000 3.233333 3.266667 3.300000 3.333333</float_array><technique_common><accessor source="#mixamorig_Hips-Matrix-animation-input-array" count="101"><param name="TIME" type="float"/></accessor></technique_common></source><source id="mixamorig_Hips-Matrix-animation-output-transform"><float_array id="mixamorig_Hips-Matrix-animation-output-transform-array" count="1616">

0.423226 0.303362 0.853728 2.516586 0.272552 0.856005 -0.439285 79.664513 -0.864057 0.418602 0.279601 1.767978 0.000000 0.000000 0.000000 1.000000
0.423112 0.303921 0.853586 2.482405 0.272531 0.855756 -0.439783 79.634796 -0.864120 0.418706 0.279253 1.747330 0.000000 0.000000 0.000000 1.000000
0.422865 0.304411 0.853534 2.448787 0.272705 0.855480 -0.440211 79.609856 -0.864186 0.418912 0.278738 1.728182 0.000000 0.000000 0.000000 1.000000
0.422648 0.304691 0.853541 2.415414 0.272999 0.855247 -0.440481 79.589264 -0.864199 0.419184 0.278288 1.709593 0.000000 0.000000 0.000000 1.000000
0.422670 0.304755 0.853507 2.385388 0.273183 0.855119 -0.440615 79.569664 -0.864130 0.419398 0.278179 1.692910 0.000000 0.000000 0.000000 1.000000
0.422895 0.304683 0.853421 2.359390 0.273250 0.855068 -0.440674 79.554955 -0.863999 0.419556 0.278350 1.681521 0.000000 0.000000 0.000000 1.000000
0.423055 0.304502 0.853407 2.335287 0.273409 0.855044 -0.440621 79.556374 -0.863871 0.419736 0.278477 1.681008 0.000000 0.000000 0.000000 1.000000
0.422962 0.304203 0.853559 2.313564 0.273672 0.855094 -0.440362 79.579453 -0.863833 0.419851 0.278420 1.697668 0.000000 0.000000 0.000000 1.000000
0.422692 0.303806 0.853834 2.297671 0.273736 0.855335 -0.439854 79.617126 -0.863944 0.419648 0.278380 1.733326 0.000000 0.000000 0.000000 1.000000
0.422405 0.303275 0.854165 2.289160 0.273475 0.855807 -0.439098 79.661766 -0.864167 0.419070 0.278559 1.782832 0.000000 0.000000 0.000000 1.000000
0.422171 0.302517 0.854550 2.286898 0.273171 0.856401 -0.438126 79.715424 -0.864378 0.418402 0.278909 1.840094 0.000000 0.000000 0.000000 1.000000
0.422077 0.301492 0.854958 2.290122 0.273003 0.857030 -0.436999 79.781509 -0.864477 0.417854 0.279424 1.904845 0.000000 0.000000 0.000000 1.000000
0.422258 0.300222 0.855316 2.299006 0.272853 0.857706 -0.435765 79.857361 -0.864436 0.417381 0.280257 1.980470 0.000000 0.000000 0.000000 1.000000
0.422637 0.298738 0.855648 2.314380 0.272714 0.858435 -0.434414 79.941162 -0.864295 0.416947 0.281337 2.067174 0.000000 0.000000 0.000000 1.000000
0.422901 0.297077 0.856096 2.338057 0.272648 0.859244 -0.432854 80.036606 -0.864187 0.416467 0.282378 2.161672 0.000000 0.000000 0.000000 1.000000
0.422782 0.295224 0.856796 2.369698 0.272591 0.860235 -0.430917 80.145088 -0.864263 0.415739 0.283216 2.262388 0.000000 0.000000 0.000000 1.000000
0.422269 0.293369 0.857685 2.404587 0.272413 0.861374 -0.428749 80.262886 -0.864569 0.414692 0.283814 2.368872 0.000000 0.000000 0.000000 1.000000
0.421455 0.292186 0.858489 2.438805 0.271980 0.862366 -0.427028 80.384155 -0.865103 0.413464 0.283979 2.483242 0.000000 0.000000 0.000000 1.000000
0.420526 0.292128 0.858964 2.471871 0.271165 0.863004 -0.426256 80.504814 -0.865811 0.412172 0.283700 2.607072 0.000000 0.000000 0.000000 1.000000
0.419826 0.292462 0.859193 2.503907 0.270104 0.863507 -0.425911 80.628906 -0.866481 0.410880 0.283528 2.736504 0.000000 0.000000 0.000000 1.000000
0.419487 0.292203 0.859447 2.534626 0.269076 0.864201 -0.425153 80.766808 -0.866966 0.409602 0.283896 2.870958 0.000000 0.000000 0.000000 1.000000
0.419209 0.291610 0.859783 2.563090 0.267927 0.865100 -0.424048 80.922661 -0.867455 0.408124 0.284528 3.019262 0.000000 0.000000 0.000000 1.000000
0.418678 0.291546 0.860064 2.589561 0.266353 0.865993 -0.423216 81.085014 -0.868197 0.406272 0.284918 3.186915 0.000000 0.000000 0.000000 1.000000
0.417980 0.292189 0.860185 2.615835 0.264500 0.866702 -0.422928 81.235374 -0.869099 0.404294 0.284979 3.365260 0.000000 0.000000 0.000000 1.000000
0.417639 0.292907 0.860107 2.641919 0.262774 0.867227 -0.422926 81.361008 -0.869786 0.402644 0.285219 3.538204 0.000000 0.000000 0.000000 1.000000
0.418167 0.293060 0.859798 2.665544 0.261386 0.867674 -0.422871 81.457565 -0.869951 0.401570 0.286231 3.689310 0.000000 0.000000 0.000000 1.000000
0.419490 0.292702 0.859275 2.688501 0.260440 0.867986 -0.422814 81.528397 -0.869597 0.401156 0.287880 3.806190 0.000000 0.000000 0.000000 1.000000
0.421049 0.292358 0.858630 2.717108 0.260016 0.867997 -0.423052 81.581566 -0.868970 0.401383 0.289452 3.886559 0.000000 0.000000 0.000000 1.000000
0.422351 0.292312 0.858005 2.753099 0.260024 0.867719 -0.423618 81.620071 -0.868336 0.402018 0.290473 3.935490 0.000000 0.000000 0.000000 1.000000
0.423275 0.292486 0.857491 2.793082 0.260263 0.867311 -0.424306 81.639336 -0.867814 0.402771 0.290988 3.958194 0.000000 0.000000 0.000000 1.000000
0.423914 0.292837 0.857055 2.833462 0.260670 0.866800 -0.425098 81.634865 -0.867380 0.403613 0.291115 3.956434 0.000000 0.000000 0.000000 1.000000
0.424378 0.293432 0.856622 2.871734 0.261151 0.866173 -0.426080 81.608826 -0.867008 0.404527 0.290955 3.931274 0.000000 0.000000 0.000000 1.000000
0.424797 0.294168 0.856162 2.906955 0.261488 0.865552 -0.427135 81.569305 -0.866701 0.405322 0.290763 3.886891 0.000000 0.000000 0.000000 1.000000
0.425258 0.294780 0.855723 2.940000 0.261671 0.865053 -0.428033 81.522690 -0.866420 0.405942 0.290735 3.829192 0.000000 0.000000 0.000000 1.000000
0.425778 0.295212 0.855315 2.969776 0.261844 0.864633 -0.428775 81.468109 -0.866112 0.406522 0.290842 3.762050 0.000000 0.000000 0.000000 1.000000
0.426331 0.295726 0.854861 2.992963 0.262044 0.864150 -0.429625 81.401131 -0.865780 0.407174 0.290921 3.686367 0.000000 0.000000 0.000000 1.000000
0.426811 0.296455 0.854370 3.010850 0.262310 0.863545 -0.430678 81.321701 -0.865463 0.407928 0.290807 3.601875 0.000000 0.000000 0.000000 1.000000
0.427095 0.297233 0.853957 3.028223 0.262750 0.862876 -0.431749 81.233734 -0.865189 0.408775 0.290432 3.507981 0.000000 0.000000 0.000000 1.000000
0.427186 0.298011 0.853641 3.044717 0.263385 0.862161 -0.432790 81.136902 -0.864951 0.409718 0.289811 3.401509 0.000000 0.000000 0.000000 1.000000
0.427233 0.298806 0.853339 3.057166 0.264229 0.861345 -0.433898 81.028282 -0.864670 0.410852 0.289042 3.278353 0.000000 0.000000 0.000000 1.000000
0.427555 0.299405 0.852968 3.067404 0.265228 0.860486 -0.434991 80.905655 -0.864205 0.412214 0.288494 3.139157 0.000000 0.000000 0.000000 1.000000
0.428441 0.299597 0.852455 3.079601 0.266101 0.859754 -0.435904 80.770630 -0.863498 0.413599 0.288631 2.990459 0.000000 0.000000 0.000000 1.000000
0.429718 0.299475 0.851855 3.092825 0.266705 0.859214 -0.436601 80.630653 -0.862677 0.414809 0.289348 2.838274 0.000000 0.000000 0.000000 1.000000
0.430870 0.299289 0.851339 3.103459 0.267229 0.858772 -0.437149 80.492188 -0.861940 0.415856 0.290041 2.683498 0.000000 0.000000 0.000000 1.000000
0.431707 0.299221 0.850938 3.110797 0.267744 0.858350 -0.437662 80.354584 -0.861361 0.416775 0.290441 2.527098 0.000000 0.000000 0.000000 1.000000
0.432449 0.299302 0.850533 3.114145 0.268102 0.857950 -0.438227 80.216568 -0.860877 0.417541 0.290776 2.373278 0.000000 0.000000 0.000000 1.000000
0.433274 0.299421 0.850071 3.111063 0.268339 0.857567 -0.438831 80.079605 -0.860388 0.418241 0.291215 2.223251 0.000000 0.000000 0.000000 1.000000
0.434113 0.299459 0.849629 3.102144 0.268704 0.857159 -0.439405 79.943451 -0.859851 0.419050 0.291638 2.073333 0.000000 0.000000 0.000000 1.000000
0.434777 0.299403 0.849310 3.090565 0.269316 0.856721 -0.439884 79.807953 -0.859324 0.419983 0.291848 1.922397 0.000000 0.000000 0.000000 1.000000
0.435191 0.299324 0.849126 3.076870 0.270022 0.856312 -0.440248 79.674942 -0.858893 0.420874 0.291835 1.774150 0.000000 0.000000 0.000000 1.000000
0.435489 0.299332 0.848970 3.059505 0.270626 0.855936 -0.440608 79.541939 -0.858552 0.421633 0.291744 1.630033 0.000000 0.000000 0.000000 1.000000
0.435749 0.299513 0.848773 3.037940 0.271181 0.855502 -0.441108 79.404999 -0.858245 0.422383 0.291562 1.484848 0.000000 0.000000 0.000000 1.000000
0.435889 0.299800 0.848599 3.012157 0.271927 0.854949 -0.441721 79.265137 -0.857937 0.423298 0.291139 1.333832 0.000000 0.000000 0.000000 1.000000
0.436035 0.299973 0.848463 2.981564 0.272865 0.854358 -0.442285 79.123352 -0.857565 0.424368 0.290679 1.176774 0.000000 0.000000 0.000000 1.000000
0.436514 0.299948 0.848226 2.946000 0.273677 0.853845 -0.442774 78.974808 -0.857063 0.425417 0.290626 1.015545 0.000000 0.000000 0.000000 1.000000
0.437311 0.299847 0.847851 2.906408 0.274234 0.853414 -0.443261 78.819237 -0.856478 0.426353 0.290979 0.852813 0.000000 0.000000 0.000000 1.000000
0.437987 0.299668 0.847565 2.863956 0.274875 0.853012 -0.443638 78.668015 -0.855927 0.427282 0.291237 0.693251 0.000000 0.000000 0.000000 1.000000
0.438216 0.299342 0.847562 2.819141 0.275877 0.852622 -0.443766 78.532890 -0.855487 0.428288 0.291051 0.542165 0.000000 0.000000 0.000000 1.000000
0.437958 0.299016 0.847810 2.770233 0.277072 0.852261 -0.443714 78.419609 -0.855233 0.429233 0.290406 0.406137 0.000000 0.000000 0.000000 1.000000
0.437242 0.298925 0.848212 2.712615 0.278109 0.851976 -0.443613 78.331436 -0.855263 0.429862 0.289386 0.292480 0.000000 0.000000 0.000000 1.000000
0.436184 0.299119 0.848688 2.645718 0.278839 0.851786 -0.443520 78.262520 -0.855566 0.430104 0.288129 0.205276 0.000000 0.000000 0.000000 1.000000
0.435141 0.299344 0.849144 2.577931 0.279433 0.851643 -0.443420 78.199562 -0.855903 0.430229 0.286939 0.141373 0.000000 0.000000 0.000000 1.000000
0.434406 0.299228 0.849561 2.513789 0.280092 0.851565 -0.443154 78.141357 -0.856061 0.430464 0.286114 0.093888 0.000000 0.000000 0.000000 1.000000
0.433982 0.298623 0.849991 2.449101 0.280811 0.851630 -0.442573 78.098053 -0.856040 0.430756 0.285736 0.057786 0.000000 0.000000 0.000000 1.000000
0.433764 0.297782 0.850397 2.384202 0.281547 0.851754 -0.441867 78.070213 -0.855909 0.431092 0.285621 0.031143 0.000000 0.000000 0.000000 1.000000
0.433687 0.297028 0.850700 2.324766 0.282262 0.851805 -0.441311 78.049881 -0.855713 0.431511 0.285577 0.012724 0.000000 0.000000 0.000000 1.000000
0.433645 0.296349 0.850958 2.272579 0.283038 0.851777 -0.440869 78.035690 -0.855477 0.432035 0.285490 0.000413 0.000000 0.000000 0.000000 1.000000
0.433333 0.295683 0.851348 2.225339 0.284008 0.851713 -0.440369 78.034256 -0.855314 0.432616 0.285099 -0.005366 0.000000 0.000000 0.000000 1.000000
0.432470 0.295188 0.851959 2.180997 0.285011 0.851687 -0.439771 78.051208 -0.855417 0.433005 0.284197 0.000414 0.000000 0.000000 0.000000 1.000000
0.431114 0.295030 0.852701 2.137815 0.285758 0.851744 -0.439174 78.088608 -0.855852 0.433000 0.282892 0.024588 0.000000 0.000000 0.000000 1.000000
0.429647 0.295135 0.853404 2.096009 0.286095 0.851901 -0.438650 78.144890 -0.856477 0.432619 0.281580 0.072660 0.000000 0.000000 0.000000 1.000000
0.428552 0.295193 0.853935 2.058741 0.285938 0.852235 -0.438104 78.212502 -0.857078 0.431923 0.280820 0.143812 0.000000 0.000000 0.000000 1.000000
0.428101 0.294842 0.854282 2.028504 0.285470 0.852766 -0.437375 78.283012 -0.857459 0.431112 0.280902 0.229021 0.000000 0.000000 0.000000 1.000000
0.428351 0.293774 0.854525 2.007070 0.285071 0.853448 -0.436303 78.355225 -0.857467 0.430491 0.281829 0.318615 0.000000 0.000000 0.000000 1.000000
0.429226 0.291798 0.854762 1.996546 0.284909 0.854313 -0.434714 78.432777 -0.857083 0.430120 0.283557 0.407867 0.000000 0.000000 0.000000 1.000000
0.430266 0.289258 0.855103 1.996626 0.284926 0.855328 -0.432701 78.519646 -0.856556 0.429817 0.285601 0.496752 0.000000 0.000000 0.000000 1.000000
0.430660 0.287148 0.855616 2.004215 0.284945 0.856284 -0.430795 78.617065 -0.856352 0.429329 0.286946 0.589276 0.000000 0.000000 0.000000 1.000000
0.429925 0.286185 0.856307 2.015632 0.284815 0.857018 -0.429419 78.721054 -0.856764 0.428507 0.286943 0.687577 0.000000 0.000000 0.000000 1.000000
0.428321 0.286021 0.857166 2.027920 0.284676 0.857570 -0.428407 78.829102 -0.857613 0.427510 0.285892 0.788903 0.000000 0.000000 0.000000 1.000000
0.426471 0.285969 0.858105 2.039186 0.284635 0.858076 -0.427421 78.945740 -0.858548 0.426529 0.284548 0.895607 0.000000 0.000000 0.000000 1.000000
0.424855 0.285934 0.858918 2.047245 0.284337 0.858640 -0.426486 79.073578 -0.859448 0.425417 0.283495 1.017316 0.000000 0.000000 0.000000 1.000000
0.423681 0.286160 0.859422 2.051070 0.283401 0.859278 -0.425823 79.203178 -0.860336 0.423974 0.282962 1.155596 0.000000 0.000000 0.000000 1.000000
0.422896 0.286716 0.859624 2.052501 0.281976 0.859894 -0.425526 79.318939 -0.861190 0.422346 0.282798 1.296678 0.000000 0.000000 0.000000 1.000000
0.422353 0.287374 0.859671 2.054248 0.280600 0.860373 -0.425466 79.412224 -0.861906 0.420921 0.282745 1.422270 0.000000 0.000000 0.000000 1.000000
0.422128 0.287805 0.859637 2.057938 0.279670 0.860668 -0.425483 79.484062 -0.862318 0.420023 0.282822 1.523215 0.000000 0.000000 0.000000 1.000000
0.422485 0.287992 0.859399 2.065304 0.279132 0.860751 -0.425668 79.541534 -0.862318 0.419724 0.283267 1.600343 0.000000 0.000000 0.000000 1.000000
0.423284 0.288327 0.858894 2.078403 0.278695 0.860605 -0.426249 79.592087 -0.862067 0.419793 0.283925 1.660861 0.000000 0.000000 0.000000 1.000000
0.423717 0.289245 0.858371 2.096427 0.278158 0.860305 -0.427204 79.641991 -0.862028 0.419776 0.284070 1.712656 0.000000 0.000000 0.000000 1.000000
0.423061 0.290757 0.858184 2.115574 0.277547 0.860008 -0.428198 79.692184 -0.862547 0.419340 0.283138 1.761495 0.000000 0.000000 0.000000 1.000000
0.421579 0.292459 0.858335 2.133008 0.276851 0.859856 -0.428955 79.738319 -0.863496 0.418469 0.281529 1.810971 0.000000 0.000000 0.000000 1.000000
0.420214 0.294013 0.858473 2.148919 0.275970 0.859834 -0.429564 79.776176 -0.864442 0.417422 0.280176 1.862370 0.000000 0.000000 0.000000 1.000000
0.419628 0.295331 0.858308 2.166463 0.275002 0.859783 -0.430287 79.807549 -0.865035 0.416596 0.279573 1.910210 0.000000 0.000000 0.000000 1.000000
0.419851 0.296315 0.857859 2.189879 0.274193 0.859624 -0.431120 79.836044 -0.865184 0.416225 0.279667 1.948467 0.000000 0.000000 0.000000 1.000000
0.420590 0.296938 0.857282 2.221041 0.273472 0.859479 -0.431867 79.859512 -0.865053 0.416082 0.280284 1.977703 0.000000 0.000000 0.000000 1.000000
0.421388 0.297494 0.856697 2.258125 0.272633 0.859409 -0.432537 79.872284 -0.864930 0.415830 0.281038 1.997113 0.000000 0.000000 0.000000 1.000000
0.421748 0.298309 0.856236 2.298670 0.271922 0.859251 -0.433298 79.871284 -0.864978 0.415572 0.281271 2.001256 0.000000 0.000000 0.000000 1.000000
0.421655 0.299373 0.855911 2.341727 0.271638 0.858871 -0.434228 79.856583 -0.865112 0.415592 0.280826 1.987399 0.000000 0.000000 0.000000 1.000000
0.421645 0.300493 0.855523 2.385607 0.271652 0.858297 -0.435352 79.827309 -0.865113 0.415968 0.280267 1.957019 0.000000 0.000000 0.000000 1.000000
0.422071 0.301546 0.854942 2.428226 0.271799 0.857585 -0.436661 79.784058 -0.864859 0.416675 0.280002 1.910244 0.000000 0.000000 0.000000 1.000000
0.422708 0.302510 0.854286 2.470704 0.272105 0.856787 -0.438036 79.729279 -0.864452 0.417617 0.279857 1.846258 0.000000 0.000000 0.000000 1.000000
0.423226 0.303362 0.853728 2.516587 0.272552 0.856005 -0.439285 79.664505 -0.864057 0.418602 0.279601 1.767975 0.000000 0.000000 0.000000 1.000000</float_array><technique_common><accessor source="#mixamorig_Hips-Matrix-animation-output-transform-array" count="101" stride="16"><param type="float4x4"/></accessor></technique_common></source><source id="mixamorig_Hips-Interpolations"><Name_array id="mixamorig_Hips-Interpolations-array" count="101">
 LINEAR LINEAR LINEAR LINEAR LINEAR LINEAR LINEAR LINEAR LINEAR LINEAR LINEAR
LINEAR LINEAR LINEAR LINEAR LINEAR LINEAR LINEAR LINEAR LINEAR LINEAR LINEAR LINEAR
LINEAR LINEAR LINEAR LINEAR LINEAR LINEAR LINEAR LINEAR LINEAR LINEAR LINEAR LINEAR
LINEAR LINEAR LINEAR LINEAR LINEAR LINEAR LINEAR LINEAR LINEAR LINEAR LINEAR LINEAR
LINEAR LINEAR LINEAR LINEAR LINEAR LINEAR LINEAR LINEAR LINEAR LINEAR LINEAR LINEAR
LINEAR LINEAR LINEAR LINEAR LINEAR LINEAR LINEAR LINEAR LINEAR LINEAR LINEAR LINEAR
LINEAR LINEAR LINEAR LINEAR LINEAR LINEAR LINEAR LINEAR LINEAR LINEAR LINEAR LINEAR
LINEAR LINEAR LINEAR LINEAR LINEAR LINEAR LINEAR LINEAR LINEAR LINEAR LINEAR LINEAR
LINEAR LINEAR LINEAR LINEAR LINEAR LINEAR</Name_array><technique_common><accessor source="#mixamorig_Hips-Interpolations-array" count="101"><param type="name"/></accessor></technique_common></source><sampler id="mixamorig_Hips-Matrix-animation-transform"><input semantic="INPUT" source="#mixamorig_Hips-Matrix-animation-input"/><input semantic="OUTPUT" source="#mixamorig_Hips-Matrix-animation-output-transform"/><input semantic="INTERPOLATION" source="#mixamorig_Hips-Interpolations"/></sampler><channel source="#mixamorig_Hips-Matrix-animation-transform" target="mixamorig_Hips/matrix"/></animation>
    <animation id="mixamorig_Spine-anim" name="mixamorig_Spine"><source id="mixamorig_Spine-Matrix-animation-input"><float_array id="mixamorig_Spine-Matrix-animation-input-array" count="101">

0.000000 0.033333 0.066667 0.100000 0.133333 0.166667 0.200000 0.233333 0.266667 0.300000 0.333333 0.366667 0.400000 0.433333 0.466667 0.500000
0.533333 0.566667 0.600000 0.633333 0.666667 0.700000 0.733333 0.766667 0.800000 0.833333 0.866667 0.900000 0.933333 0.966667 1.000000 1.033333
1.066667 1.100000 1.133333 1.166667 1.200000 1.233333 1.266667 1.300000 1.333333 1.366667 1.400000 1.433333 1.466667 1.500000 1.533333 1.566667
1.600000 1.633333 1.666667 1.700000 1.733333 1.766667 1.800000 1.833333 1.866667 1.900000 1.933333 1.966667 2.000000 2.033333 2.066667 2.100000
2.133333 2.166667 2.200000 2.233333 2.266667 2.300000 2.333333 2.366667 2.400000 2.433333 2.466667 2.500000 2.533333 2.566667 2.600000 2.633333
2.666667 2.700000 2.733333 2.766667 2.800000 2.833333 2.866667 2.900000 2.933333 2.966667 3.000000 3.033333 3.066667 3.100000 3.133333 3.166667
3.200000 3.233333 3.266667 3.300000 3.333333</float_array><technique_common><accessor source="#mixamorig_Spine-Matrix-animation-input-array" count="101"><param name="TIME" type="float"/></accessor></technique_common></source><source id="mixamorig_Spine-Matrix-animation-output-transform"><float_array id="mixamorig_Spine-Matrix-animation-output-transform-array" count="1616">

0.985800 0.119539 -0.117936 0.000000 -0.148640 0.947944 -0.281618 10.181600 0.078133 0.295149 0.952251 0.131500 0.000000 0.000000 0.000000 1.000000
0.985786 0.119498 -0.118094 0.000000 -0.148633 0.947999 -0.281437 10.181600 0.078322 0.294989 0.952285 0.131500 0.000000 0.000000 0.000000 1.000000
0.985767 0.119463 -0.118284 -0.000000 -0.148649 0.948021 -0.281354 10.181600 0.078524 0.294932 0.952286 0.131500 0.000000 0.000000 0.000000 1.000000
0.985745 0.119464 -0.118471 0.000000 -0.148712 0.947989 -0.281427 10.181600 0.078689 0.295033 0.952241 0.131500 0.000000 0.000000 0.000000 1.000000
0.985730 0.119509 -0.118549 0.000000 -0.148791 0.947929 -0.281588 10.181600 0.078724 0.295209 0.952184 0.131500 0.000000 0.000000 0.000000 1.000000
0.985720 0.119600 -0.118541 -0.000000 -0.148891 0.947862 -0.281761 10.181600 0.078662 0.295387 0.952134 0.131500 0.000000 0.000000 0.000000 1.000000
0.985699 0.119750 -0.118566 0.000000 -0.149058 0.947779 -0.281951 10.181600 0.078610 0.295592 0.952074 0.131500 0.000000 0.000000 0.000000 1.000000
0.985668 0.119959 -0.118612 0.000000 -0.149291 0.947678 -0.282169 10.181600 0.078558 0.295833 0.952004 0.131500 0.000000 0.000000 0.000000 1.000000
0.985655 0.120151 -0.118522 -0.000000 -0.149469 0.947577 -0.282413 10.181600 0.078377 0.296078 0.951943 0.131500 0.000000 0.000000 0.000000 1.000000
0.985669 0.120276 -0.118279 0.000000 -0.149543 0.947470 -0.282731 10.181600 0.078060 0.296367 0.951879 0.131500 0.000000 0.000000 0.000000 1.000000
0.985677 0.120435 -0.118050 -0.000000 -0.149661 0.947326 -0.283151 10.181600 0.077731 0.296763 0.951782 0.131500 0.000000 0.000000 0.000000 1.000000
0.985660 0.120723 -0.117900 0.000000 -0.149931 0.947145 -0.283614 10.181600 0.077430 0.297223 0.951663 0.131500 0.000000 0.000000 0.000000 1.000000
0.985619 0.121158 -0.117799 0.000000 -0.150349 0.946964 -0.283997 10.181600 0.077143 0.297624 0.951561 0.131500 0.000000 0.000000 0.000000 1.000000
0.985552 0.121754 -0.117745 0.000000 -0.150923 0.946807 -0.284217 10.181600 0.076878 0.297881 0.951502 0.131500 0.000000 0.000000 0.000000 1.000000
0.985483 0.122459 -0.117589 0.000000 -0.151563 0.946670 -0.284332 10.181600 0.076499 0.298026 0.951487 0.131500 0.000000 0.000000 0.000000 1.000000
0.985439 0.123184 -0.117198 0.000000 -0.152156 0.946519 -0.284519 10.181600 0.075881 0.298208 0.951480 0.131500 0.000000 0.000000 0.000000 1.000000
0.985418 0.123876 -0.116642 0.000000 -0.152674 0.946356 -0.284782 10.181600 0.075108 0.298438 0.951469 0.131500 0.000000 0.000000 0.000000 1.000000
0.985418 0.124434 -0.116047 0.000000 -0.153027 0.946318 -0.284721 10.181600 0.074388 0.298327 0.951560 0.131500 0.000000 0.000000 0.000000 1.000000
0.985452 0.124764 -0.115406 0.000000 -0.153095 0.946522 -0.284004 10.181600 0.073801 0.297540 0.951852 0.131500 0.000000 0.000000 0.000000 1.000000
0.985487 0.125056 -0.114787 -0.000000 -0.153114 0.946810 -0.283032 10.181600 0.073287 0.296500 0.952217 0.131500 0.000000 0.000000 0.000000 1.000000
0.985478 0.125577 -0.114293 0.000000 -0.153425 0.946924 -0.282481 10.181600 0.072754 0.295915 0.952440 0.131500 0.000000 0.000000 0.000000 1.000000
0.985455 0.126186 -0.113823 0.000000 -0.153863 0.946882 -0.282385 10.181600 0.072144 0.295790 0.952525 0.131500 0.000000 0.000000 0.000000 1.000000
0.985479 0.126506 -0.113256 0.000000 -0.153992 0.946897 -0.282262 10.181600 0.071534 0.295604 0.952629 0.131500 0.000000 0.000000 0.000000 1.000000
0.985558 0.126461 -0.112622 0.000000 -0.153729 0.947066 -0.281840 10.181600 0.071019 0.295083 0.952829 0.131500 0.000000 0.000000 0.000000 1.000000
0.985648 0.126348 -0.111956 -0.000000 -0.153384 0.947274 -0.281326 10.181600 0.070508 0.294461 0.953059 0.131500 0.000000 0.000000 0.000000 1.000000
0.985710 0.126427 -0.111322 -0.000000 -0.153248 0.947390 -0.281010 10.181600 0.069938 0.294054 0.953227 0.131500 0.000000 0.000000 0.000000 1.000000
0.985720 0.126675 -0.110950 0.000000 -0.153362 0.947430 -0.280814 10.181600 0.069545 0.293819 0.953328 0.131500 0.000000 0.000000 0.000000 1.000000
0.985687 0.126906 -0.110978 0.000000 -0.153568 0.947496 -0.280477 10.181600 0.069557 0.293505 0.953424 0.131500 0.000000 0.000000 0.000000 1.000000
0.985659 0.126960 -0.111165 0.000000 -0.153639 0.947631 -0.279982 10.181600 0.069797 0.293046 0.953547 0.131500 0.000000 0.000000 0.000000 1.000000
0.985670 0.126831 -0.111218 0.000000 -0.153493 0.947808 -0.279464 10.181600 0.069969 0.292530 0.953693 0.131500 0.000000 0.000000 0.000000 1.000000
0.985699 0.126650 -0.111163 0.000000 -0.153260 0.948014 -0.278893 10.181600 0.070062 0.291942 0.953866 0.131500 0.000000 0.000000 0.000000 1.000000
0.985722 0.126455 -0.111179 0.000000 -0.153027 0.948250 -0.278215 10.181600 0.070244 0.291256 0.954063 0.131500 0.000000 0.000000 0.000000 1.000000
0.985744 0.126187 -0.111292 0.000000 -0.152756 0.948481 -0.277578 10.181600 0.070532 0.290622 0.954235 0.131500 0.000000 0.000000 0.000000 1.000000
0.985769 0.125875 -0.111421 -0.000000 -0.152465 0.948640 -0.277194 10.181600 0.070807 0.290237 0.954332 0.131500 0.000000 0.000000 0.000000 1.000000
0.985789 0.125610 -0.111547 -0.000000 -0.152234 0.948726 -0.277028 10.181600 0.071030 0.290072 0.954365 0.131500 0.000000 0.000000 0.000000 1.000000
0.985800 0.125401 -0.111686 -0.000000 -0.152060 0.948807 -0.276846 10.181600 0.071251 0.289898 0.954402 0.131500 0.000000 0.000000 0.000000 1.000000
0.985802 0.125208 -0.111878 0.000000 -0.151909 0.948916 -0.276553 10.181600 0.071536 0.289622 0.954464 0.131500 0.000000 0.000000 0.000000 1.000000
0.985800 0.125000 -0.112128 0.000000 -0.151762 0.949018 -0.276286 10.181600 0.071876 0.289380 0.954512 0.131500 0.000000 0.000000 0.000000 1.000000
0.985803 0.124708 -0.112429 -0.000000 -0.151555 0.949103 -0.276106 10.181600 0.072274 0.289225 0.954529 0.131500 0.000000 0.000000 0.000000 1.000000
0.985806 0.124361 -0.112788 0.000000 -0.151314 0.949184 -0.275958 10.181600 0.072738 0.289107 0.954529 0.131500 0.000000 0.000000 0.000000 1.000000
0.985791 0.124146 -0.113156 0.000000 -0.151206 0.949238 -0.275835 10.181600 0.073168 0.289025 0.954521 0.131500 0.000000 0.000000 0.000000 1.000000
0.985758 0.124143 -0.113446 -0.000000 -0.151283 0.949238 -0.275790 10.181600 0.073450 0.289024 0.954500 0.131500 0.000000 0.000000 0.000000 1.000000
0.985716 0.124201 -0.113748 0.000000 -0.151430 0.949203 -0.275831 10.181600 0.073711 0.289115 0.954452 0.131500 0.000000 0.000000 0.000000 1.000000
0.985660 0.124178 -0.114251 0.000000 -0.151558 0.949170 -0.275873 10.181600 0.074186 0.289232 0.954380 0.131500 0.000000 0.000000 0.000000 1.000000
0.985596 0.124066 -0.114924 0.000000 -0.151642 0.949174 -0.275813 10.181600 0.074864 0.289267 0.954316 0.131500 0.000000 0.000000 0.000000 1.000000
0.985540 0.123900 -0.115588 -0.000000 -0.151666 0.949208 -0.275684 10.181600 0.075560 0.289228 0.954274 0.131500 0.000000 0.000000 0.000000 1.000000
0.985486 0.123736 -0.116220 -0.000000 -0.151687 0.949222 -0.275623 10.181600 0.076215 0.289252 0.954214 0.131500 0.000000 0.000000 0.000000 1.000000
0.985421 0.123620 -0.116891 -0.000000 -0.151777 0.949188 -0.275692 10.181600 0.076871 0.289414 0.954112 0.131500 0.000000 0.000000 0.000000 1.000000
0.985347 0.123512 -0.117626 0.000000 -0.151900 0.949127 -0.275834 10.181600 0.077573 0.289660 0.953981 0.131500 0.000000 0.000000 0.000000 1.000000
0.985279 0.123369 -0.118345 -0.000000 -0.151985 0.949069 -0.275988 10.181600 0.078270 0.289912 0.953847 0.131500 0.000000 0.000000 0.000000 1.000000
0.985222 0.123193 -0.118999 0.000000 -0.152016 0.949033 -0.276095 10.181600 0.078921 0.290104 0.953735 0.131500 0.000000 0.000000 0.000000 1.000000
0.985175 0.122987 -0.119602 0.000000 -0.151995 0.949031 -0.276113 10.181600 0.079548 0.290198 0.953655 0.131500 0.000000 0.000000 0.000000 1.000000
0.985128 0.122718 -0.120259 0.000000 -0.151926 0.949053 -0.276074 10.181600 0.080253 0.290239 0.953583 0.131500 0.000000 0.000000 0.000000 1.000000
0.985070 0.122423 -0.121040 0.000000 -0.151871 0.949058 -0.276086 10.181600 0.081075 0.290346 0.953481 0.131500 0.000000 0.000000 0.000000 1.000000
0.984999 0.122154 -0.121883 0.000000 -0.151866 0.949035 -0.276168 10.181600 0.081936 0.290535 0.953350 0.131500 0.000000 0.000000 0.000000 1.000000
0.984931 0.121900 -0.122681 -0.000000 -0.151867 0.949002 -0.276282 10.181600 0.082746 0.290750 0.953214 0.131500 0.000000 0.000000 0.000000 1.000000
0.984858 0.121736 -0.123434 0.000000 -0.151946 0.948935 -0.276469 10.181600 0.083474 0.291038 0.953063 0.131500 0.000000 0.000000 0.000000 1.000000
0.984764 0.121738 -0.124173 -0.000000 -0.152192 0.948807 -0.276771 10.181600 0.084123 0.291453 0.952879 0.131500 0.000000 0.000000 0.000000 1.000000
0.984682 0.121770 -0.124792 -0.000000 -0.152443 0.948642 -0.277200 10.181600 0.084628 0.291977 0.952674 0.131500 0.000000 0.000000 0.000000 1.000000
0.984656 0.121623 -0.125140 0.000000 -0.152456 0.948470 -0.277779 10.181600 0.084908 0.292595 0.952459 0.131500 0.000000 0.000000 0.000000 1.000000
0.984685 0.121349 -0.125178 0.000000 -0.152263 0.948306 -0.278445 10.181600 0.084918 0.293241 0.952260 0.131500 0.000000 0.000000 0.000000 1.000000
0.984714 0.121276 -0.125023 0.000000 -0.152199 0.948142 -0.279036 10.181600 0.084699 0.293799 0.952107 0.131500 0.000000 0.000000 0.000000 1.000000
0.984700 0.121510 -0.124905 0.000000 -0.152439 0.947941 -0.279589 10.181600 0.084430 0.294352 0.951960 0.131500 0.000000 0.000000 0.000000 1.000000
0.984652 0.121826 -0.124976 0.000000 -0.152825 0.947676 -0.280275 10.181600 0.084292 0.295073 0.951749 0.131500 0.000000 0.000000 0.000000 1.000000
0.984594 0.122079 -0.125182 0.000000 -0.153192 0.947411 -0.280970 10.181600 0.084298 0.295819 0.951517 0.131500 0.000000 0.000000 0.000000 1.000000
0.984545 0.122303 -0.125353 0.000000 -0.153501 0.947217 -0.281457 10.181600 0.084313 0.296348 0.951351 0.131500 0.000000 0.000000 0.000000 1.000000
0.984497 0.122561 -0.125480 -0.000000 -0.153819 0.947060 -0.281809 10.181600 0.084299 0.296741 0.951230 0.131500 0.000000 0.000000 0.000000 1.000000
0.984454 0.122804 -0.125580 0.000000 -0.154120 0.946883 -0.282239 10.181600 0.084250 0.297205 0.951089 0.131500 0.000000 0.000000 0.000000 1.000000
0.984458 0.122848 -0.125506 0.000000 -0.154194 0.946691 -0.282844 10.181600 0.084069 0.297800 0.950919 0.131500 0.000000 0.000000 0.000000 1.000000
0.984513 0.122678 -0.125234 0.000000 -0.154011 0.946508 -0.283555 10.181600 0.083749 0.298451 0.950743 0.131500 0.000000 0.000000 0.000000 1.000000
0.984575 0.122481 -0.124945 0.000000 -0.153795 0.946339 -0.284236 10.181600 0.083427 0.299068 0.950578 0.131500 0.000000 0.000000 0.000000 1.000000
0.984620 0.122380 -0.124684 -0.000000 -0.153672 0.946176 -0.284843 10.181600 0.083114 0.299623 0.950431 0.131500 0.000000 0.000000 0.000000 1.000000
0.984646 0.122422 -0.124435 0.000000 -0.153689 0.945993 -0.285441 10.181600 0.082771 0.300183 0.950284 0.131500 0.000000 0.000000 0.000000 1.000000
0.984639 0.122688 -0.124234 -0.000000 -0.153947 0.945732 -0.286167 10.181600 0.082383 0.300896 0.950092 0.131500 0.000000 0.000000 0.000000 1.000000
0.984596 0.123194 -0.124070 0.000000 -0.154465 0.945355 -0.287130 10.181600 0.081917 0.301872 0.949823 0.131500 0.000000 0.000000 0.000000 1.000000
0.984550 0.123743 -0.123888 0.000000 -0.155033 0.944921 -0.288251 10.181600 0.081395 0.303005 0.949507 0.131500 0.000000 0.000000 0.000000 1.000000
0.984556 0.123968 -0.123621 0.000000 -0.155248 0.944596 -0.289198 10.181600 0.080921 0.303924 0.949253 0.131500 0.000000 0.000000 0.000000 1.000000
0.984646 0.123677 -0.123195 0.000000 -0.154885 0.944488 -0.289748 10.181600 0.080521 0.304380 0.949141 0.131500 0.000000 0.000000 0.000000 1.000000
0.984779 0.123152 -0.122653 0.000000 -0.154240 0.944499 -0.290053 10.181600 0.080125 0.304556 0.949118 0.131500 0.000000 0.000000 0.000000 1.000000
0.984893 0.122814 -0.122075 -0.000000 -0.153763 0.944487 -0.290346 10.181600 0.079639 0.304730 0.949103 0.131500 0.000000 0.000000 0.000000 1.000000
0.984979 0.122750 -0.121443 -0.000000 -0.153531 0.944438 -0.290630 10.181600 0.079020 0.304909 0.949097 0.131500 0.000000 0.000000 0.000000 1.000000
0.985058 0.122766 -0.120787 0.000000 -0.153358 0.944414 -0.290796 10.181600 0.078373 0.304975 0.949130 0.131500 0.000000 0.000000 0.000000 1.000000
0.985139 0.122683 -0.120211 0.000000 -0.153100 0.944457 -0.290794 10.181600 0.077858 0.304877 0.949204 0.131500 0.000000 0.000000 0.000000 1.000000
0.985216 0.122513 -0.119750 0.000000 -0.152787 0.944539 -0.290692 10.181600 0.077495 0.304690 0.949294 0.131500 0.000000 0.000000 0.000000 1.000000
0.985266 0.122481 -0.119368 0.000000 -0.152630 0.944600 -0.290577 10.181600 0.077165 0.304515 0.949377 0.131500 0.000000 0.000000 0.000000 1.000000
0.985275 0.122764 -0.119008 -0.000000 -0.152771 0.944653 -0.290330 10.181600 0.076779 0.304235 0.949498 0.131500 0.000000 0.000000 0.000000 1.000000
0.985257 0.123198 -0.118701 0.000000 -0.153045 0.944792 -0.289734 10.181600 0.076453 0.303630 0.949718 0.131500 0.000000 0.000000 0.000000 1.000000
0.985263 0.123342 -0.118503 0.000000 -0.153050 0.945064 -0.288842 10.181600 0.076366 0.302722 0.950014 0.131500 0.000000 0.000000 0.000000 1.000000
0.985329 0.122983 -0.118332 -0.000000 -0.152585 0.945398 -0.287995 10.181600 0.076452 0.301825 0.950293 0.131500 0.000000 0.000000 0.000000 1.000000
0.985452 0.122355 -0.117952 0.000000 -0.151823 0.945689 -0.287440 10.181600 0.076376 0.301167 0.950508 0.131500 0.000000 0.000000 0.000000 1.000000
0.985596 0.121806 -0.117316 0.000000 -0.151074 0.945919 -0.287079 10.181600 0.076003 0.300667 0.950696 0.131500 0.000000 0.000000 0.000000 1.000000
0.985709 0.121488 -0.116700 0.000000 -0.150547 0.946131 -0.286655 10.181600 0.075588 0.300128 0.950899 0.131500 0.000000 0.000000 0.000000 1.000000
0.985755 0.121430 -0.116372 0.000000 -0.150346 0.946339 -0.286073 10.181600 0.075390 0.299494 0.951115 0.131500 0.000000 0.000000 0.000000 1.000000
0.985755 0.121510 -0.116282 -0.000000 -0.150344 0.946538 -0.285417 10.181600 0.075384 0.298834 0.951323 0.131500 0.000000 0.000000 0.000000 1.000000
0.985764 0.121456 -0.116270 -0.000000 -0.150236 0.946757 -0.284748 10.181600 0.075495 0.298162 0.951525 0.131500 0.000000 0.000000 0.000000 1.000000
0.985796 0.121138 -0.116323 0.000000 -0.149894 0.947008 -0.284090 10.181600 0.075745 0.297491 0.951715 0.131500 0.000000 0.000000 0.000000 1.000000
0.985840 0.120681 -0.116430 0.000000 -0.149440 0.947257 -0.283500 10.181600 0.076076 0.296885 0.951878 0.131500 0.000000 0.000000 0.000000 1.000000
0.985869 0.120288 -0.116587 0.000000 -0.149067 0.947472 -0.282976 10.181600 0.076424 0.296357 0.952015 0.131500 0.000000 0.000000 0.000000 1.000000
0.985860 0.120062 -0.116894 -0.000000 -0.148902 0.947646 -0.282481 10.181600 0.076859 0.295893 0.952124 0.131500 0.000000 0.000000 0.000000 1.000000
0.985826 0.119873 -0.117380 0.000000 -0.148828 0.947793 -0.282025 10.181600 0.077445 0.295497 0.952199 0.131500 0.000000 0.000000 0.000000 1.000000
0.985800 0.119539 -0.117936 -0.000000 -0.148639 0.947944 -0.281618 10.181600 0.078132 0.295149 0.952251 0.131500 0.000000 0.000000 0.000000 1.000000</float_array><technique_common><accessor source="#mixamorig_Spine-Matrix-animation-output-transform-array" count="101" stride="16"><param type="float4x4"/></accessor></technique_common></source><source id="mixamorig_Spine-Interpolations"><Name_array id="mixamorig_Spine-Interpolations-array" count="101">
 LINEAR LINEAR LINEAR LINEAR LINEAR LINEAR LINEAR LINEAR LINEAR LINEAR LINEAR
LINEAR LINEAR LINEAR LINEAR LINEAR LINEAR LINEAR LINEAR LINEAR LINEAR LINEAR LINEAR
LINEAR LINEAR LINEAR LINEAR LINEAR LINEAR LINEAR LINEAR LINEAR LINEAR LINEAR LINEAR
LINEAR LINEAR LINEAR LINEAR LINEAR LINEAR LINEAR LINEAR LINEAR LINEAR LINEAR LINEAR
LINEAR LINEAR LINEAR LINEAR LINEAR LINEAR LINEAR LINEAR LINEAR LINEAR LINEAR LINEAR
LINEAR LINEAR LINEAR LINEAR LINEAR LINEAR LINEAR LINEAR LINEAR LINEAR LINEAR LINEAR
LINEAR LINEAR LINEAR LINEAR LINEAR LINEAR LINEAR LINEAR LINEAR LINEAR LINEAR LINEAR
LINEAR LINEAR LINEAR LINEAR LINEAR LINEAR LINEAR LINEAR LINEAR LINEAR LINEAR LINEAR
LINEAR LINEAR LINEAR LINEAR LINEAR LINEAR</Name_array><technique_common><accessor source="#mixamorig_Spine-Interpolations-array" count="101"><param type="name"/></accessor></technique_common></source><sampler id="mixamorig_Spine-Matrix-animation-transform"><input semantic="INPUT" source="#mixamorig_Spine-Matrix-animation-input"/><input semantic="OUTPUT" source="#mixamorig_Spine-Matrix-animation-output-transform"/><input semantic="INTERPOLATION" source="#mixamorig_Spine-Interpolations"/></sampler><channel source="#mixamorig_Spine-Matrix-animation-transform" target="mixamorig_Spine/matrix"/></animation>
    <animation id="mixamorig_Spine1-anim" name="mixamorig_Spine1"><source id="mixamorig_Spine1-Matrix-animation-input"><float_array id="mixamorig_Spine1-Matrix-animation-input-array" count="101">

0.000000 0.033333 0.066667 0.100000 0.133333 0.166667 0.200000 0.233333 0.266667 0.300000 0.333333 0.366667 0.400000 0.433333 0.466667 0.500000
0.533333 0.566667 0.600000 0.633333 0.666667 0.700000 0.733333 0.766667 0.800000 0.833333 0.866667 0.900000 0.933333 0.966667 1.000000 1.033333
1.066667 1.100000 1.133333 1.166667 1.200000 1.233333 1.266667 1.300000 1.333333 1.366667 1.400000 1.433333 1.466667 1.500000 1.533333 1.566667
1.600000 1.633333 1.666667 1.700000 1.733333 1.766667 1.800000 1.833333 1.866667 1.900000 1.933333 1.966667 2.000000 2.033333 2.066667 2.100000
2.133333 2.166667 2.200000 2.233333 2.266667 2.300000 2.333333 2.366667 2.400000 2.433333 2.466667 2.500000 2.533333 2.566667 2.600000 2.633333
2.666667 2.700000 2.733333 2.766667 2.800000 2.833333 2.866667 2.900000 2.933333 2.966667 3.000000 3.033333 3.066667 3.100000 3.133333 3.166667
3.200000 3.233333 3.266667 3.300000 3.333333</float_array><technique_common><accessor source="#mixamorig_Spine1-Matrix-animation-input-array" count="101"><param name="TIME" type="float"/></accessor></technique_common></source><source id="mixamorig_Spine1-Matrix-animation-output-transform"><float_array id="mixamorig_Spine1-Matrix-animation-output-transform-array" count="1616">

0.997420 0.071588 0.005244 -0.000000 -0.071780 0.994551 0.075607 10.083500 0.000198 -0.075788 0.997124 -1.000800 0.000000 0.000000 0.000000 1.000000
0.997420 0.071593 0.005253 0.000000 -0.071785 0.994536 0.075792 10.083500 0.000202 -0.075974 0.997110 -1.000800 0.000000 0.000000 0.000000 1.000000
0.997414 0.071675 0.005247 0.000000 -0.071867 0.994523 0.075892 10.083500 0.000221 -0.076073 0.997102 -1.000800 0.000000 0.000000 0.000000 1.000000
0.997404 0.071821 0.005262 0.000000 -0.072013 0.994517 0.075824 10.083500 0.000213 -0.076006 0.997107 -1.000800 0.000000 0.000000 0.000000 1.000000
0.997396 0.071927 0.005321 0.000000 -0.072124 0.994521 0.075669 10.083500 0.000151 -0.075855 0.997119 -1.000800 0.000000 0.000000 0.000000 1.000000
0.997389 0.072009 0.005406 0.000000 -0.072212 0.994526 0.075521 10.083500 0.000061 -0.075714 0.997130 -1.000800 0.000000 0.000000 0.000000 1.000000
0.997377 0.072171 0.005483 -0.000000 -0.072379 0.994525 0.075371 10.083500 -0.000014 -0.075570 0.997140 -1.000800 0.000000 0.000000 0.000000 1.000000
0.997361 0.072393 0.005532 0.000000 -0.072604 0.994523 0.075185 10.083500 -0.000059 -0.075388 0.997154 -1.000800 0.000000 0.000000 0.000000 1.000000
0.997350 0.072535 0.005538 0.000000 -0.072746 0.994529 0.074970 10.083500 -0.000070 -0.075174 0.997170 -1.000800 0.000000 0.000000 0.000000 1.000000
0.997349 0.072560 0.005497 -0.000000 -0.072768 0.994548 0.074698 10.083500 -0.000047 -0.074900 0.997191 -1.000800 0.000000 0.000000 0.000000 1.000000
0.997348 0.072578 0.005439 0.000000 -0.072781 0.994573 0.074342 10.083500 -0.000014 -0.074540 0.997218 -1.000800 0.000000 0.000000 0.000000 1.000000
0.997340 0.072688 0.005396 0.000000 -0.072888 0.994595 0.073949 10.083500 0.000008 -0.074146 0.997247 -1.000800 0.000000 0.000000 0.000000 1.000000
0.997324 0.072906 0.005362 0.000000 -0.073103 0.994603 0.073630 10.083500 0.000035 -0.073825 0.997271 -1.000800 0.000000 0.000000 0.000000 1.000000
0.997303 0.073199 0.005324 0.000000 -0.073392 0.994594 0.073467 10.083500 0.000082 -0.073659 0.997283 -1.000800 0.000000 0.000000 0.000000 1.000000
0.997282 0.073493 0.005320 -0.000000 -0.073686 0.994575 0.073419 10.083500 0.000104 -0.073612 0.997287 -1.000800 0.000000 0.000000 0.000000 1.000000
