<?xml version="1.0" encoding="utf-8"?>
<COLLADA xmlns="http://www.collada.org/2005/11/COLLADASchema" version="1.4.1">
  <asset><contributor><author>Mixamo</author><authoring_tool>COLLADA Mixamo exporter</authoring_tool><comments></comments></contributor><created>2018-12-18T17:56:17Z</created><modified>2018-12-18T17:56:17Z</modified><revision></revision><title></title><unit meter="0.010000"/><up_axis>Y_UP</up_axis></asset>
  <library_animations>
    <animation id="mixamorig_Hips-anim" name="mixamorig_Hips"><source id="mixamorig_Hips-Matrix-animation-input"><float_array id="mixamorig_Hips-Matrix-animation-input-array" count="34">

0.000000 0.033333 0.066667 0.100000 0.133333 0.166667 0.200000 0.233333 0.266667 0.300000 0.333333 0.366667 0.400000 0.433333 0.466667 0.500000
0.533333 0.566667 0.600000 0.633333 0.666667 0.700000 0.733333 0.766667 0.800000 0.833333 0.866667 0.900000 0.933333 0.966667 1.000000 1.033333
1.066667 1.100000</float_array><technique_common><accessor source="#mixamorig_Hips-Matrix-animation-input-array" count="34"><param name="TIME" type="float"/></accessor></technique_common></source><source id="mixamorig_Hips-Matrix-animation-output-transform"><float_array id="mixamorig_Hips-Matrix-animation-output-transform-array" count="544">

0.745573 0.031835 0.665663 -0.105462 0.235785 0.921650 -0.308168 79.431740 -0.623319 0.386715 0.679651 -0.412046 0.000000 0.000000 0.000000 1.000000
0.764659 0.009875 0.644359 -0.194348 0.235984 0.926141 -0.294235 79.103165 -0.599673 0.377048 0.705852 -2.841206 0.000000 0.000000 0.000000 1.000000
0.792558 0.007534 0.609749 -0.374088 0.217838 0.930446 -0.294645 78.970428 -0.569559 0.366350 0.735792 -5.256050 0.000000 0.000000 0.000000 1.000000
0.822831 0.002053 0.568283 -0.494220 0.202978 0.932970 -0.297267 78.952278 -0.530801 0.359949 0.767259 -7.410154 0.000000 0.000000 0.000000 1.000000
0.849463 -0.016766 0.527382 -0.507022 0.201182 0.934284 -0.294345 79.024590 -0.487789 0.356134 0.797013 -9.325211 0.000000 0.000000 0.000000 1.000000
0.874095 -0.042666 0.483878 -0.432127 0.205437 0.935134 -0.288652 79.108627 -0.440175 0.351716 0.826161 -10.955599 0.000000 0.000000 0.000000 1.000000
0.899929 -0.066719 0.430902 -0.334544 0.206368 0.935709 -0.286113 79.297478 -0.384110 0.346405 0.855840 -12.402946 0.000000 0.000000 0.000000 1.000000
0.925228 -0.088131 0.369034 -0.225065 0.203827 0.935829 -0.287538 79.569351 -0.320011 0.341258 0.883819 -13.638499 0.000000 0.000000 0.000000 1.000000
0.946577 -0.110688 0.302887 -0.134726 0.201900 0.935799 -0.288993 79.857224 -0.251453 0.334707 0.908153 -14.607151 0.000000 0.000000 0.000000 1.000000
0.962092 -0.137857 0.235319 -0.172002 0.204221 0.936034 -0.286591 80.167419 -0.180758 0.323784 0.928704 -15.266119 0.000000 0.000000 0.000000 1.000000
0.971554 -0.168544 0.166359 -0.424815 0.210455 0.936592 -0.280187 80.567657 -0.108587 0.307228 0.945421 -15.649365 0.000000 0.000000 0.000000 1.000000
0.975572 -0.196974 0.097265 -0.896905 0.216477 0.937315 -0.273090 81.090416 -0.037376 0.287474 0.957059 -15.821283 0.000000 0.000000 0.000000 1.000000
0.975399 -0.218220 0.031247 -1.549903 0.218454 0.937824 -0.269747 81.735725 0.029560 0.269937 0.962424 -15.823938 0.000000 0.000000 0.000000 1.000000
0.972029 -0.232781 -0.031190 -2.418323 0.215800 0.937635 -0.272527 82.516487 0.092684 0.258173 0.961643 -15.681546 0.000000 0.000000 0.000000 1.000000
0.965144 -0.243749 -0.095310 -3.555437 0.208924 0.936879 -0.280372 83.464142 0.157635 0.250687 0.955148 -15.441858 0.000000 0.000000 0.000000 1.000000
0.952969 -0.258084 -0.158882 -5.013406 0.204860 0.934886 -0.289864 84.539268 0.223346 0.243682 0.943788 -15.157187 0.000000 0.000000 0.000000 1.000000
0.935720 -0.277400 -0.217892 -6.781016 0.205923 0.931102 -0.301073 85.634575 0.286397 0.236851 0.928374 -14.859635 0.000000 0.000000 0.000000 1.000000
0.915367 -0.295752 -0.273192 -8.729010 0.204418 0.925963 -0.317498 86.696838 0.346867 0.234782 0.908053 -14.545439 0.000000 0.000000 0.000000 1.000000
0.893026 -0.312392 -0.323908 -10.771569 0.198897 0.919667 -0.338603 87.657585 0.403664 0.237957 0.883420 -14.197878 0.000000 0.000000 0.000000 1.000000
0.869648 -0.329947 -0.367215 -12.841382 0.195760 0.913343 -0.357047 88.370811 0.453200 0.238620 0.858878 -13.812807 0.000000 0.000000 0.000000 1.000000
0.848190 -0.345963 -0.401102 -14.773262 0.198246 0.909541 -0.365286 88.793961 0.491194 0.230315 0.840050 -13.356322 0.000000 0.000000 0.000000 1.000000
0.831217 -0.358875 -0.424603 -16.318714 0.206758 0.908513 -0.363118 88.953537 0.516072 0.214040 0.829371 -12.834951 0.000000 0.000000 0.000000 1.000000
0.816830 -0.369569 -0.442953 -17.314709 0.215897 0.907885 -0.359351 88.908073 0.534956 0.197896 0.821377 -12.264136 0.000000 0.000000 0.000000 1.000000
0.800091 -0.379551 -0.464538 -17.728127 0.219150 0.905798 -0.362633 88.720787 0.558416 0.188336 0.807899 -11.649304 0.000000 0.000000 0.000000 1.000000
0.777747 -0.390519 -0.492549 -17.604433 0.217619 0.902420 -0.371860 88.382423 0.589704 0.182025 0.786839 -10.973753 0.000000 0.000000 0.000000 1.000000
0.751139 -0.402958 -0.522891 -16.996639 0.216958 0.898775 -0.380964 87.896217 0.623473 0.172711 0.762530 -10.256853 0.000000 0.000000 0.000000 1.000000
0.725241 -0.415902 -0.548681 -15.947575 0.219840 0.895098 -0.387905 87.278770 0.652454 0.160703 0.740593 -9.565383 0.000000 0.000000 0.000000 1.000000
0.704072 -0.426879 -0.567501 -14.510238 0.223587 0.891765 -0.393401 86.536575 0.674012 0.150097 0.723311 -8.809367 0.000000 0.000000 0.000000 1.000000
0.687957 -0.431190 -0.583772 -12.740129 0.223241 0.891097 -0.395107 85.586723 0.690564 0.141494 0.709296 -7.832549 0.000000 0.000000 0.000000 1.000000
0.674080 -0.425380 -0.603878 -10.651157 0.217262 0.895548 -0.388318 84.271545 0.705984 0.130558 0.696090 -6.505700 0.000000 0.000000 0.000000 1.000000
0.660115 -0.411836 -0.628203 -8.285852 0.211117 0.904314 -0.371007 82.763367 0.720887 0.112283 0.683896 -4.911433 0.000000 0.000000 0.000000 1.000000
0.644052 -0.397828 -0.653399 -5.675300 0.212161 0.913522 -0.347081 81.432892 0.734973 0.084912 0.672759 -3.206406 0.000000 0.000000 0.000000 1.000000
0.624665 -0.389410 -0.676870 -2.763505 0.221907 0.919576 -0.324249 80.317848 0.748699 0.052345 0.660840 -1.543236 0.000000 0.000000 0.000000 1.000000
0.608955 -0.387253 -0.692249 0.413987 0.235785 0.921650 -0.308168 79.431755 0.757350 0.024438 0.652551 -0.097574 0.000000 0.000000 0.000000 1.000000</float_array><technique_common><accessor source="#mixamorig_Hips-Matrix-animation-output-transform-array" count="34" stride="16"><param type="float4x4"/></accessor></technique_common></source><source id="mixamorig_Hips-Interpolations"><Name_array id="mixamorig_Hips-Interpolations-array" count="34">
 LINEAR LINEAR LINEAR LINEAR LINEAR LINEAR LINEAR LINEAR LINEAR LINEAR LINEAR
LINEAR LINEAR LINEAR LINEAR LINEAR LINEAR LINEAR LINEAR LINEAR LINEAR LINEAR LINEAR
LINEAR LINEAR LINEAR LINEAR LINEAR LINEAR LINEAR LINEAR LINEAR LINEAR LINEAR</Name_array><technique_common><accessor source="#mixamorig_Hips-Interpolations-array" count="34"><param type="name"/></accessor></technique_common></source><sampler id="mixamorig_Hips-Matrix-animation-transform"><input semantic="INPUT" source="#mixamorig_Hips-Matrix-animation-input"/><input semantic="OUTPUT" source="#mixamorig_Hips-Matrix-animation-output-transform"/><input semantic="INTERPOLATION" source="#mixamorig_Hips-Interpolations"/></sampler><channel source="#mixamorig_Hips-Matrix-animation-transform" target="mixamorig_Hips/matrix"/></animation>
    <animation id="mixamorig_Spine-anim" name="mixamorig_Spine"><source id="mixamorig_Spine-Matrix-animation-input"><float_array id="mixamorig_Spine-Matrix-animation-input-array" count="34">

0.000000 0.033333 0.066667 0.100000 0.133333 0.166667 0.200000 0.233333 0.266667 0.300000 0.333333 0.366667 0.400000 0.433333 0.466667 0.500000
0.533333 0.566667 0.600000 0.633333 0.666667 0.700000 0.733333 0.766667 0.800000 0.833333 0.866667 0.900000 0.933333 0.966667 1.000000 1.033333
1.066667 1.100000</float_array><technique_common><accessor source="#mixamorig_Spine-Matrix-animation-input-array" count="34"><param name="TIME" type="float"/></accessor></technique_common></source><source id="mixamorig_Spine-Matrix-animation-output-transform"><float_array id="mixamorig_Spine-Matrix-animation-output-transform-array" count="544">

0.980954 0.135220 -0.139442 0.000000 -0.169928 0.945181 -0.278851 10.181600 0.094092 0.297235 0.950157 0.131500 0.000000 0.000000 0.000000 1.000000
0.978043 0.133200 -0.160283 0.000000 -0.174859 0.942930 -0.283386 10.181600 0.113389 0.305190 0.945517 0.131500 0.000000 0.000000 0.000000 1.000000
0.978358 0.119551 -0.168886 0.000000 -0.164936 0.943431 -0.287637 10.181600 0.124945 0.309267 0.942731 0.131500 0.000000 0.000000 0.000000 1.000000
0.978165 0.109043 -0.176925 0.000000 -0.157922 0.943393 -0.291667 10.181600 0.135106 0.313239 0.940015 0.131500 0.000000 0.000000 0.000000 1.000000
0.975753 0.105807 -0.191599 0.000000 -0.160080 0.941976 -0.295052 10.181600 0.149263 0.318569 0.936074 0.131500 0.000000 0.000000 0.000000 1.000000
0.972965 0.106046 -0.205165 0.000000 -0.165228 0.940301 -0.297545 10.181600 0.161363 0.323400 0.932402 0.131500 0.000000 0.000000 0.000000 1.000000
0.972461 0.106015 -0.207561 0.000000 -0.166380 0.939412 -0.299705 10.181600 0.163212 0.325985 0.931180 0.131500 0.000000 0.000000 0.000000 1.000000
0.974113 0.105754 -0.199801 -0.000000 -0.163774 0.939372 -0.301261 10.181600 0.155828 0.326184 0.932374 0.131500 0.000000 0.000000 0.000000 1.000000
0.976306 0.106405 -0.188425 -0.000000 -0.160709 0.939639 -0.302078 10.181600 0.144909 0.325203 0.934476 0.131500 0.000000 0.000000 0.000000 1.000000
0.977841 0.110092 -0.178066 -0.000000 -0.160824 0.939559 -0.302264 10.181600 0.134027 0.324204 0.936445 0.131500 0.000000 0.000000 0.000000 1.000000
0.978695 0.118262 -0.167842 0.000000 -0.165162 0.939090 -0.301382 10.181600 0.121976 0.322683 0.938615 0.131500 0.000000 0.000000 0.000000 1.000000
0.979592 0.128077 -0.154906 0.000000 -0.170039 0.939011 -0.298906 10.181600 0.107176 0.319146 0.941626 0.131500 0.000000 0.000000 0.000000 1.000000
0.981090 0.133814 -0.139844 0.000000 -0.170238 0.940364 -0.294506 10.181600 0.092095 0.312744 0.945362 0.131500 0.000000 0.000000 0.000000 1.000000
0.983018 0.133130 -0.126304 0.000000 -0.164810 0.943170 -0.288561 10.181600 0.080710 0.304477 0.949094 0.131500 0.000000 0.000000 0.000000 1.000000
0.985093 0.128441 -0.114430 0.000000 -0.156261 0.946291 -0.283048 10.181600 0.071929 0.296709 0.952255 0.131500 0.000000 0.000000 0.000000 1.000000
0.985948 0.126348 -0.109280 0.000000 -0.152407 0.948186 -0.278775 10.181600 0.068395 0.291513 0.954119 0.131500 0.000000 0.000000 0.000000 1.000000
0.985402 0.128683 -0.111461 -0.000000 -0.154946 0.949160 -0.274022 10.181600 0.070532 0.287292 0.955243 0.131500 0.000000 0.000000 0.000000 1.000000
0.985137 0.129437 -0.112918 0.000000 -0.155560 0.951072 -0.266951 10.181600 0.072839 0.280549 0.957072 0.131500 0.000000 0.000000 0.000000 1.000000
0.985595 0.127139 -0.111522 -0.000000 -0.152261 0.954087 -0.257942 10.181600 0.073607 0.271207 0.959702 0.131500 0.000000 0.000000 0.000000 1.000000
0.985762 0.125749 -0.111624 -0.000000 -0.150335 0.956474 -0.250114 10.181600 0.075314 0.263333 0.961760 0.131500 0.000000 0.000000 0.000000 1.000000
0.985465 0.124590 -0.115481 -0.000000 -0.149952 0.957425 -0.246683 10.181600 0.079830 0.260414 0.962191 0.131500 0.000000 0.000000 0.000000 1.000000
0.984935 0.120972 -0.123571 0.000000 -0.148587 0.957585 -0.246887 10.181600 0.088464 0.261529 0.961133 0.131500 0.000000 0.000000 0.000000 1.000000
0.984895 0.113563 -0.130708 0.000000 -0.143324 0.958254 -0.247403 10.181600 0.097156 0.262400 0.960056 0.131500 0.000000 0.000000 0.000000 1.000000
0.985934 0.104621 -0.130340 -0.000000 -0.134467 0.959681 -0.246841 10.181600 0.099260 0.260895 0.960250 0.131500 0.000000 0.000000 0.000000 1.000000
0.987348 0.099439 -0.123513 0.000000 -0.127629 0.960605 -0.246879 10.181600 0.094097 0.259519 0.961143 0.131500 0.000000 0.000000 0.000000 1.000000
0.988091 0.100395 -0.116606 -0.000000 -0.126956 0.960103 -0.249168 10.181600 0.086939 0.261004 0.961415 0.131500 0.000000 0.000000 0.000000 1.000000
0.988045 0.104278 -0.113545 0.000000 -0.130210 0.958791 -0.252518 10.181600 0.082533 0.264283 0.960907 0.131500 0.000000 0.000000 0.000000 1.000000
0.987931 0.106461 -0.112508 -0.000000 -0.132248 0.957891 -0.254864 10.181600 0.080637 0.266667 0.960410 0.131500 0.000000 0.000000 0.000000 1.000000
0.988521 0.104474 -0.109139 0.000000 -0.129555 0.957801 -0.256578 10.181600 0.077728 0.267772 0.960342 0.131500 0.000000 0.000000 0.000000 1.000000
0.989777 0.099963 -0.101729 -0.000000 -0.123401 0.957849 -0.259419 10.181600 0.071509 0.269320 0.960392 0.131500 0.000000 0.000000 0.000000 1.000000
0.990588 0.097549 -0.096013 0.000000 -0.119855 0.956966 -0.264293 10.181600 0.066100 0.273313 0.959651 0.131500 0.000000 0.000000 0.000000 1.000000
0.989724 0.102940 -0.099248 -0.000000 -0.126381 0.954427 -0.270365 10.181600 0.066894 0.280130 0.957629 0.131500 0.000000 0.000000 0.000000 1.000000
0.986546 0.118229 -0.112915 -0.000000 -0.145406 0.950258 -0.275439 10.181600 0.074734 0.288152 0.954664 0.131500 0.000000 0.000000 0.000000 1.000000
0.980954 0.135220 -0.139443 0.000000 -0.169927 0.945181 -0.278851 10.181600 0.094092 0.297235 0.950157 0.131500 0.000000 0.000000 0.000000 1.000000</float_array><technique_common><accessor source="#mixamorig_Spine-Matrix-animation-output-transform-array" count="34" stride="16"><param type="float4x4"/></accessor></technique_common></source><source id="mixamorig_Spine-Interpolations"><Name_array id="mixamorig_Spine-Interpolations-array" count="34">
 LINEAR LINEAR LINEAR LINEAR LINEAR LINEAR LINEAR LINEAR LINEAR LINEAR LINEAR
LINEAR LINEAR LINEAR LINEAR LINEAR LINEAR LINEAR LINEAR LINEAR LINEAR LINEAR LINEAR
LINEAR LINEAR LINEAR LINEAR LINEAR LINEAR LINEAR LINEAR LINEAR LINEAR LINEAR</Name_array><technique_common><accessor source="#mixamorig_Spine-Interpolations-array" count="34"><param type="name"/></accessor></technique_common></source><sampler id="mixamorig_Spine-Matrix-animation-transform"><input semantic="INPUT" source="#mixamorig_Spine-Matrix-animation-input"/><input semantic="OUTPUT" source="#mixamorig_Spine-Matrix-animation-output-transform"/><input semantic="INTERPOLATION" source="#mixamorig_Spine-Interpolations"/></sampler><channel source="#mixamorig_Spine-Matrix-animation-transform" target="mixamorig_Spine/matrix"/></animation>
    <animation id="mixamorig_Spine1-anim" name="mixamorig_Spine1"><source id="mixamorig_Spine1-Matrix-animation-input"><float_array id="mixamorig_Spine1-Matrix-animation-input-array" count="34">

0.000000 0.033333 0.066667 0.100000 0.133333 0.166667 0.200000 0.233333 0.266667 0.300000 0.333333 0.366667 0.400000 0.433333 0.466667 0.500000
0.533333 0.566667 0.600000 0.633333 0.666667 0.700000 0.733333 0.766667 0.800000 0.833333 0.866667 0.900000 0.933333 0.966667 1.000000 1.033333
1.066667 1.100000</float_array><technique_common><accessor source="#mixamorig_Spine1-Matrix-animation-input-array" count="34"><param name="TIME" type="float"/></accessor></technique_common></source><source id="mixamorig_Spine1-Matrix-animation-output-transform"><float_array id="mixamorig_Spine1-Matrix-animation-output-transform-array" count="544">

0.997420 0.071588 0.005244 0.000000 -0.071780 0.994551 0.075607 10.083500 0.000197 -0.075788 0.997124 -1.000800 0.000000 0.000000 0.000000 1.000000
0.997493 0.070734 0.002209 0.000000 -0.070709 0.994869 0.072357 10.083500 0.002920 -0.072331 0.997376 -1.000800 0.000000 0.000000 0.000000 1.000000
0.997778 0.066594 -0.001971 -0.000000 -0.066292 0.995328 0.070203 10.083500 0.006637 -0.069917 0.997531 -1.000800 0.000000 0.000000 0.000000 1.000000
0.997963 0.063489 -0.006315 -0.000000 -0.062910 0.995672 0.068404 10.083500 0.010631 -0.067867 0.997638 -1.000800 0.000000 0.000000 0.000000 1.000000
0.997986 0.062759 -0.009272 0.000000 -0.062006 0.995854 0.066559 10.083500 0.013411 -0.065850 0.997739 -1.000800 0.000000 0.000000 0.000000 1.000000
0.997970 0.062982 -0.009434 0.000000 -0.062239 0.995939 0.065060 10.083500 0.013494 -0.064341 0.997837 -1.000800 0.000000 0.000000 0.000000 1.000000
0.998011 0.062663 -0.006888 0.000000 -0.062096 0.996014 0.064031 10.083500 0.010873 -0.063476 0.997924 -1.000800 0.000000 0.000000 0.000000 1.000000
0.998091 0.061684 -0.003100 -0.000000 -0.061362 0.996082 0.063688 10.083500 0.007016 -0.063377 0.997965 -1.000800 0.000000 0.000000 0.000000 1.000000
0.998140 0.060956 0.000665 0.000000 -0.060874 0.996090 0.064019 10.083500 0.003239 -0.063940 0.997948 -1.000800 0.000000 0.000000 0.000000 1.000000
0.998075 0.061862 0.004310 0.000000 -0.062011 0.995987 0.064532 10.083500 -0.000301 -0.064675 0.997906 -1.000800 0.000000 0.000000 0.000000 1.000000
0.997864 0.064804 0.008255 -0.000000 -0.065204 0.995751 0.065025 10.083500 -0.004006 -0.065424 0.997850 -1.000800 0.000000 0.000000 0.000000 1.000000
0.997611 0.067993 0.012183 0.000000 -0.068652 0.995458 0.065963 10.083500 -0.007643 -0.066642 0.997748 -1.000800 0.000000 0.000000 0.000000 1.000000
0.997499 0.069090 0.014901 0.000000 -0.069950 0.995221 0.068131 10.083500 -0.010122 -0.069003 0.997565 -1.000800 0.000000 0.000000 0.000000 1.000000
0.997581 0.067740 0.015623 0.000000 -0.068690 0.995065 0.071599 10.083500 -0.010696 -0.072499 0.997311 -1.000800 0.000000 0.000000 0.000000 1.000000
0.997744 0.065463 0.014906 -0.000000 -0.066404 0.994954 0.075214 10.083500 -0.009907 -0.076034 0.997056 -1.000800 0.000000 0.000000 0.000000 1.000000
0.997827 0.064407 0.013904 -0.000000 -0.065299 0.994811 0.078016 10.083500 -0.008807 -0.078755 0.996855 -1.000800 0.000000 0.000000 0.000000 1.000000
0.997810 0.064859 0.013011 0.000000 -0.065700 0.994577 0.080621 10.083500 -0.007712 -0.081299 0.996660 -1.000800 0.000000 0.000000 0.000000 1.000000
0.997807 0.065069 0.012096 0.000000 -0.065860 0.994267 0.084234 10.083500 -0.006546 -0.084846 0.996373 -1.000800 0.000000 0.000000 0.000000 1.000000
0.997843 0.064660 0.011308 -0.000000 -0.065411 0.993901 0.088777 10.083500 -0.005498 -0.089325 0.995987 -1.000800 0.000000 0.000000 0.000000 1.000000
0.997846 0.064828 0.010007 -0.000000 -0.065477 0.993547 0.092617 10.083500 -0.003938 -0.093073 0.995652 -1.000800 0.000000 0.000000 0.000000 1.000000
0.997828 0.065578 0.006243 0.000000 -0.065874 0.993385 0.094060 10.083500 -0.000033 -0.094267 0.995547 -1.000800 0.000000 0.000000 0.000000 1.000000
0.997830 0.065845 -0.000548 0.000000 -0.065507 0.993480 0.093305 10.083500 0.006688 -0.093067 0.995637 -1.000800 0.000000 0.000000 0.000000 1.000000
0.997901 0.064335 -0.007401 0.000000 -0.063382 0.993720 0.092215 10.083500 0.013287 -0.091552 0.995712 -1.000800 0.000000 0.000000 0.000000 1.000000
0.998080 0.061094 -0.010187 0.000000 -0.059902 0.993956 0.091998 10.083500 0.015746 -0.091211 0.995707 -1.000800 0.000000 0.000000 0.000000 1.000000
0.998269 0.058274 -0.007984 0.000000 -0.057297 0.994124 0.091842 10.083500 0.013289 -0.091226 0.995742 -1.000800 0.000000 0.000000 0.000000 1.000000
0.998318 0.057857 -0.003680 0.000000 -0.057288 0.994250 0.090475 10.083500 0.008894 -0.090112 0.995892 -1.000800 0.000000 0.000000 0.000000 1.000000
0.998240 0.059305 -0.000351 -0.000000 -0.059042 0.994338 0.088348 10.083500 0.005588 -0.088172 0.996090 -1.000800 0.000000 0.000000 0.000000 1.000000
0.998168 0.060481 0.001468 -0.000000 -0.060380 0.994387 0.086880 10.083500 0.003795 -0.086809 0.996218 -1.000800 0.000000 0.000000 0.000000 1.000000
0.998185 0.060152 0.002752 -0.000000 -0.060164 0.994446 0.086362 10.083500 0.002458 -0.086370 0.996260 -1.000800 0.000000 0.000000 0.000000 1.000000
0.998250 0.058998 0.003954 -0.000000 -0.059119 0.994529 0.086123 10.083500 0.001149 -0.086207 0.996277 -1.000800 0.000000 0.000000 0.000000 1.000000
0.998258 0.058814 0.004782 0.000000 -0.059007 0.994631 0.085010 10.083500 0.000243 -0.085144 0.996369 -1.000800 0.000000 0.000000 0.000000 1.000000
0.998116 0.061148 0.005081 0.000000 -0.061359 0.994713 0.082354 10.083500 -0.000019 -0.082510 0.996590 -1.000800 0.000000 0.000000 0.000000 1.000000
0.997803 0.066059 0.005096 0.000000 -0.066255 0.994665 0.079066 10.083500 0.000154 -0.079230 0.996856 -1.000800 0.000000 0.000000 0.000000 1.000000
0.997420 0.071588 0.005244 0.000000 -0.071780 0.994551 0.075607 10.083500 0.000198 -0.075788 0.997124 -1.000800 0.000000 0.000000 0.000000 1.000000</float_array><technique_common><accessor source="#mixamorig_Spine1-Matrix-animation-output-transform-array" count="34" stride="16"><param type="float4x4"/></accessor></technique_common></source><source id="mixamorig_Spine1-Interpolations"><Name_array id="mixamorig_Spine1-Interpolations-array" count="34">
 LINEAR LINEAR LINEAR LINEAR LINEAR LINEAR LINEAR LINEAR LINEAR LINEAR LINEAR
LINEAR LINEAR LINEAR LINEAR LINEAR LINEAR LINEAR LINEAR LINEAR LINEAR LINEAR LINEAR
LINEAR LINEAR LINEAR LINEAR LINEAR LINEAR LINEAR LINEAR LINEAR LINEAR LINEAR</Name_array><technique_common><accessor source="#mixamorig_Spine1-Interpolations-array" count="34"><param type="name"/></accessor></technique_common></source><sampler id="mixamorig_Spine1-Matrix-animation-transform"><input semantic="INPUT" source="#mixamorig_Spine1-Matrix-animation-input"/><input semantic="OUTPUT" source="#mixamorig_Spine1-Matrix-animation-output-transform"/><input semantic="INTERPOLATION" source="#mixamorig_Spine1-Interpolations"/></sampler><channel source="#mixamorig_Spine1-Matrix-animation-transform" target="mixamorig_Spine1/matrix"/></animation>
    <animation id="mixamorig_Spine2-anim" name="mixamorig_Spine2"><source id="mixamorig_Spine2-Matrix-animation-input"><float_array id="mixamorig_Spine2-Matrix-animation-input-array" count="34">

0.000000 0.033333 0.066667 0.100000 0.133333 0.166667 0.200000 0.233333 0.266667 0.300000 0.333333 0.366667 0.400000 0.433333 0.466667 0.500000
0.533333 0.566667 0.600000 0.633333 0.666667 0.700000 0.733333 0.766667 0.800000 0.833333 0.866667 0.900000 0.933333 0.966667 1.000000 1.033333
1.066667 1.100000</float_array><technique_common><accessor source="#mixamorig_Spine2-Matrix-animation-input-array" count="34"><param name="TIME" type="float"/></accessor></technique_common></source><source id="mixamorig_Spine2-Matrix-animation-output-transform"><float_array id="mixamorig_Spine2-Matrix-animation-output-transform-array" count="544">

0.997197 0.074335 -0.008501 0.000000 -0.074550 0.996806 -0.028622 9.100000 0.006346 0.029176 0.999554 -1.373400 0.000000 0.000000 0.000000 1.000000
0.997248 0.073182 -0.011860 0.000000 -0.073526 0.996786 -0.031807 9.100000 0.009494 0.032592 0.999424 -1.373400 0.000000 0.000000 0.000000 1.000000
0.997514 0.068687 -0.015757 0.000000 -0.069189 0.997027 -0.033920 9.100000 0.013380 0.034926 0.999300 -1.373400 0.000000 0.000000 0.000000 1.000000
0.997674 0.065201 -0.019874 0.000000 -0.065880 0.997190 -0.035661 9.100000 0.017493 0.036887 0.999166 -1.373400 0.000000 0.000000 0.000000 1.000000
0.997673 0.064166 -0.023049 -0.000000 -0.064999 0.997183 -0.037420 9.100000 0.020583 0.038831 0.999034 -1.373400 0.000000 0.000000 0.000000 1.000000
0.997648 0.064301 -0.023727 0.000000 -0.065191 0.997116 -0.038857 9.100000 0.021160 0.040312 0.998963 -1.373400 0.000000 0.000000 0.000000 1.000000
0.997706 0.064159 -0.021594 -0.000000 -0.064983 0.997088 -0.039916 9.100000 0.018970 0.041228 0.998970 -1.373400 0.000000 0.000000 0.000000 1.000000
0.997820 0.063503 -0.017933 -0.000000 -0.064184 0.997121 -0.040366 9.100000 0.015318 0.041429 0.999024 -1.373400 0.000000 0.000000 0.000000 1.000000
0.997906 0.063110 -0.014198 0.000000 -0.063634 0.997165 -0.040152 9.100000 0.011624 0.040971 0.999093 -1.373400 0.000000 0.000000 0.000000 1.000000
0.997870 0.064328 -0.010802 0.000000 -0.064709 0.997113 -0.039730 9.100000 0.008215 0.040345 0.999152 -1.373400 0.000000 0.000000 0.000000 1.000000
0.997685 0.067602 -0.007333 0.000000 -0.067839 0.996921 -0.039319 9.100000 0.004653 0.039725 0.999200 -1.373400 0.000000 0.000000 0.000000 1.000000
0.997460 0.071132 -0.003741 0.000000 -0.071224 0.996718 -0.038465 9.100000 0.000993 0.038634 0.999253 -1.373400 0.000000 0.000000 0.000000 1.000000
0.997369 0.072482 -0.000952 -0.000000 -0.072469 0.996707 -0.036367 9.100000 -0.001687 0.036340 0.999338 -1.373400 0.000000 0.000000 0.000000 1.000000
0.997460 0.071226 0.000141 -0.000000 -0.071183 0.996920 -0.032931 9.100000 -0.002487 0.032838 0.999458 -1.373400 0.000000 0.000000 0.000000 1.000000
0.997622 0.068922 -0.000132 0.000000 -0.068896 0.997193 -0.029316 9.100000 -0.001889 0.029255 0.999570 -1.373400 0.000000 0.000000 0.000000 1.000000
0.997699 0.067800 -0.000895 0.000000 -0.067800 0.997347 -0.026492 9.100000 -0.000904 0.026491 0.999649 -1.373400 0.000000 0.000000 0.000000 1.000000
0.997671 0.068182 -0.001765 0.000000 -0.068205 0.997386 -0.023848 9.100000 0.000134 0.023913 0.999714 -1.373400 0.000000 0.000000 0.000000 1.000000
0.997659 0.068335 -0.002473 0.000000 -0.068371 0.997456 -0.020195 9.100000 0.001086 0.020317 0.999793 -1.373400 0.000000 0.000000 0.000000 1.000000
0.997688 0.067898 -0.002780 0.000000 -0.067934 0.997568 -0.015620 9.100000 0.001713 0.015772 0.999874 -1.373400 0.000000 0.000000 0.000000 1.000000
0.997679 0.067995 -0.003605 0.000000 -0.068033 0.997614 -0.011729 9.100000 0.002799 0.011947 0.999925 -1.373400 0.000000 0.000000 0.000000 1.000000
0.997629 0.068466 -0.006968 0.000000 -0.068535 0.997597 -0.010197 9.100000 0.006253 0.010650 0.999924 -1.373400 0.000000 0.000000 0.000000 1.000000
0.997581 0.068211 -0.013389 0.000000 -0.068358 0.997602 -0.010854 9.100000 0.012616 0.011743 0.999851 -1.373400 0.000000 0.000000 0.000000 1.000000
0.997609 0.066198 -0.019843 0.000000 -0.066442 0.997719 -0.011897 9.100000 0.019011 0.013187 0.999732 -1.373400 0.000000 0.000000 0.000000 1.000000
0.997779 0.062788 -0.022224 0.000000 -0.063068 0.997935 -0.012143 9.100000 0.021416 0.013518 0.999679 -1.373400 0.000000 0.000000 0.000000 1.000000
0.997993 0.060165 -0.019748 -0.000000 -0.060417 0.998097 -0.012372 9.100000 0.018966 0.013540 0.999728 -1.373400 0.000000 0.000000 0.000000 1.000000
0.998075 0.060080 -0.015411 0.000000 -0.060294 0.998085 -0.013801 9.100000 0.014552 0.014704 0.999786 -1.373400 0.000000 0.000000 0.000000 1.000000
0.998015 0.061774 -0.012220 -0.000000 -0.061966 0.997951 -0.015954 9.100000 0.011210 0.016680 0.999798 -1.373400 0.000000 0.000000 0.000000 1.000000
0.997953 0.063080 -0.010523 0.000000 -0.063257 0.997845 -0.017433 9.100000 0.009401 0.018063 0.999793 -1.373400 0.000000 0.000000 0.000000 1.000000
0.997981 0.062847 -0.009174 0.000000 -0.063004 0.997851 -0.017968 9.100000 0.008025 0.018510 0.999796 -1.373400 0.000000 0.000000 0.000000 1.000000
0.998059 0.061791 -0.007734 -0.000000 -0.061923 0.997914 -0.018231 9.100000 0.006591 0.018674 0.999804 -1.373400 0.000000 0.000000 0.000000 1.000000
0.998074 0.061674 -0.006741 0.000000 -0.061794 0.997901 -0.019356 9.100000 0.005533 0.019735 0.999790 -1.373400 0.000000 0.000000 0.000000 1.000000
0.997927 0.064013 -0.006693 0.000000 -0.064145 0.997698 -0.021995 9.100000 0.005270 0.022379 0.999736 -1.373400 0.000000 0.000000 0.000000 1.000000
0.997597 0.068871 -0.007493 0.000000 -0.069040 0.997295 -0.025230 9.100000 0.005735 0.025687 0.999654 -1.373400 0.000000 0.000000 0.000000 1.000000
0.997197 0.074335 -0.008501 0.000000 -0.074550 0.996806 -0.028622 9.100000 0.006346 0.029176 0.999554 -1.373400 0.000000 0.000000 0.000000 1.000000</float_array><technique_common><accessor source="#mixamorig_Spine2-Matrix-animation-output-transform-array" count="34" stride="16"><param type="float4x4"/></accessor></technique_common></source><source id="mixamorig_Spine2-Interpolations"><Name_array id="mixamorig_Spine2-Interpolations-array" count="34">
 LINEAR LINEAR LINEAR LINEAR LINEAR LINEAR LINEAR LINEAR LINEAR LINEAR LINEAR
LINEAR LINEAR LINEAR LINEAR LINEAR LINEAR LINEAR LINEAR LINEAR LINEAR LINEAR LINEAR
LINEAR LINEAR LINEAR LINEAR LINEAR LINEAR LINEAR LINEAR LINEAR LINEAR LINEAR</Name_array><technique_common><accessor source="#mixamorig_Spine2-Interpolations-array" count="34"><param type="name"/></accessor></technique_common></source><sampler id="mixamorig_Spine2-Matrix-animation-transform"><input semantic="INPUT" source="#mixamorig_Spine2-Matrix-animation-input"/><input semantic="OUTPUT" source="#mixamorig_Spine2-Matrix-animation-output-transform"/><input semantic="INTERPOLATION" source="#mixamorig_Spine2-Interpolations"/></sampler><channel source="#mixamorig_Spine2-Matrix-animation-transform" target="mixamorig_Spine2/matrix"/></animation>
    <animation id="mixamorig_Neck-anim" name="mixamorig_Neck"><source id="mixamorig_Neck-Matrix-animation-input"><float_array id="mixamorig_Neck-Matrix-animation-input-array" count="34">

0.000000 0.033333 0.066667 0.100000 0.133333 0.166667 0.200000 0.233333 0.266667 0.300000 0.333333 0.366667 0.400000 0.433333 0.466667 0.500000
0.533333 0.566667 0.600000 0.633333 0.666667 0.700000 0.733333 0.766667 0.800000 0.833333 0.866667 0.900000 0.933333 0.966667 1.000000 1.033333
1.066667 1.100000</float_array><technique_common><accessor source="#mixamorig_Neck-Matrix-animation-input-array" count="34"><param name="TIME" type="float"/></accessor></technique_common></source><source id="mixamorig_Neck-Matrix-animation-output-transform"><float_array id="mixamorig_Neck-Matrix-animation-output-transform-array" count="544">

0.898186 0.011099 -0.439476 0.000000 0.121573 0.954424 0.272571 16.671700 0.422471 -0.298248 0.855901 -2.516200 0.000000 0.000000 0.000000 1.000000
0.881219 -0.017372 -0.472388 0.000000 0.156939 0.953393 0.257703 16.671700 0.445895 -0.301229 0.842875 -2.516200 0.000000 0.000000 0.000000 1.000000
0.859595 -0.042641 -0.509193 -0.000000 0.198198 0.946318 0.255342 16.671700 0.470971 -0.320412 0.821902 -2.516200 0.000000 0.000000 0.000000 1.000000
0.836660 -0.054819 -0.544973 0.000000 0.231059 0.937436 0.260433 16.671700 0.496600 -0.343815 0.796982 -2.516200 0.000000 0.000000 0.000000 1.000000
0.816318 -0.052625 -0.575200 0.000000 0.249138 0.930522 0.268440 16.671700 0.521110 -0.362436 0.772713 -2.516200 0.000000 0.000000 0.000000 1.000000
0.800277 -0.047109 -0.597777 0.000000 0.259271 0.926088 0.274117 16.671700 0.540680 -0.374356 0.753341 -2.516200 0.000000 0.000000 0.000000 1.000000
0.789063 -0.047627 -0.612463 0.000000 0.268603 0.923385 0.274248 16.671700 0.552477 -0.380909 0.741402 -2.516200 0.000000 0.000000 0.000000 1.000000
0.783459 -0.050903 -0.619355 0.000000 0.274610 0.922412 0.271560 16.671700 0.557478 -0.382837 0.736651 -2.516200 0.000000 0.000000 0.000000 1.000000
0.783617 -0.047897 -0.619395 0.000000 0.272389 0.922566 0.273269 16.671700 0.558344 -0.382854 0.735985 -2.516200 0.000000 0.000000 0.000000 1.000000
0.787282 -0.037834 -0.615431 0.000000 0.263612 0.922951 0.280483 16.671700 0.557401 -0.383054 0.736596 -2.516200 0.000000 0.000000 0.000000 1.000000
0.790918 -0.030123 -0.611180 0.000000 0.255111 0.924082 0.284589 16.671700 0.556208 -0.381006 0.738558 -2.516200 0.000000 0.000000 0.000000 1.000000
0.793325 -0.031555 -0.607980 0.000000 0.251438 0.926487 0.280003 16.671700 0.554449 -0.375003 0.742939 -2.516200 0.000000 0.000000 0.000000 1.000000
0.796376 -0.038551 -0.603571 -0.000000 0.251110 0.928959 0.271990 16.671700 0.550207 -0.368170 0.749482 -2.516200 0.000000 0.000000 0.000000 1.000000
0.802146 -0.044444 -0.595471 -0.000000 0.251264 0.929766 0.269077 16.671700 0.541690 -0.365459 0.756975 -2.516200 0.000000 0.000000 0.000000 1.000000
0.810604 -0.046511 -0.583744 0.000000 0.251406 0.927941 0.275173 16.671700 0.528882 -0.369813 0.763886 -2.516200 0.000000 0.000000 0.000000 1.000000
0.820053 -0.045683 -0.570462 -0.000000 0.251776 0.923958 0.287943 16.671700 0.513928 -0.379757 0.769196 -2.516200 0.000000 0.000000 0.000000 1.000000
0.829758 -0.042591 -0.556495 0.000000 0.250293 0.919595 0.302818 16.671700 0.498853 -0.390553 0.773702 -2.516200 0.000000 0.000000 0.000000 1.000000
0.840064 -0.036977 -0.541226 -0.000000 0.244602 0.916322 0.317056 16.671700 0.484214 -0.398732 0.778813 -2.516200 0.000000 0.000000 0.000000 1.000000
0.850548 -0.028013 -0.525151 0.000000 0.234679 0.913858 0.331344 16.671700 0.470632 -0.405066 0.783854 -2.516200 0.000000 0.000000 0.000000 1.000000
0.860438 -0.014813 -0.509340 0.000000 0.220969 0.911548 0.346775 16.671700 0.459151 -0.410927 0.787603 -2.516200 0.000000 0.000000 0.000000 1.000000
0.869628 0.001112 -0.493707 -0.000000 0.203237 0.910532 0.360038 16.671700 0.449936 -0.413438 0.791597 -2.516200 0.000000 0.000000 0.000000 1.000000
0.878195 0.017040 -0.477998 0.000000 0.181844 0.912427 0.366618 16.671700 0.442386 -0.408883 0.798191 -2.516200 0.000000 0.000000 0.000000 1.000000
0.885874 0.032658 -0.462775 0.000000 0.158497 0.916193 0.368061 16.671700 0.436011 -0.399404 0.806456 -2.516200 0.000000 0.000000 0.000000 1.000000
0.892242 0.046785 -0.449127 0.000000 0.138311 0.918498 0.370449 16.671700 0.429854 -0.392649 0.813051 -2.516200 0.000000 0.000000 0.000000 1.000000
0.897428 0.055711 -0.437629 0.000000 0.126558 0.917788 0.376363 16.671700 0.422618 -0.393144 0.816598 -2.516200 0.000000 0.000000 0.000000 1.000000
0.901980 0.060080 -0.427577 0.000000 0.121225 0.915205 0.384324 16.671700 0.414411 -0.398486 0.818213 -2.516200 0.000000 0.000000 0.000000 1.000000
0.905977 0.066174 -0.418122 0.000000 0.115295 0.911797 0.394123 16.671700 0.407323 -0.405274 0.818438 -2.516200 0.000000 0.000000 0.000000 1.000000
0.908748 0.075826 -0.410399 0.000000 0.106619 0.908547 0.403950 16.671700 0.403497 -0.410845 0.817555 -2.516200 0.000000 0.000000 0.000000 1.000000
0.909654 0.083337 -0.406920 0.000000 0.098820 0.908116 0.406890 16.671700 0.403440 -0.410341 0.817837 -2.516200 0.000000 0.000000 0.000000 1.000000
0.908808 0.082576 -0.408962 0.000000 0.094721 0.913784 0.395002 16.671700 0.406321 -0.397718 0.822632 -2.516200 0.000000 0.000000 0.000000 1.000000
0.906797 0.071621 -0.415439 -0.000000 0.094192 0.926128 0.365259 16.671700 0.410910 -0.370347 0.833064 -2.516200 0.000000 0.000000 0.000000 1.000000
0.904252 0.052958 -0.423702 0.000000 0.096836 0.940992 0.324279 16.671700 0.415873 -0.334260 0.845766 -2.516200 0.000000 0.000000 0.000000 1.000000
0.901562 0.031978 -0.431466 0.000000 0.104288 0.951797 0.288454 16.671700 0.419893 -0.305056 0.854770 -2.516200 0.000000 0.000000 0.000000 1.000000
0.898186 0.011099 -0.439475 0.000000 0.121573 0.954424 0.272571 16.671700 0.422471 -0.298248 0.855901 -2.516200 0.000000 0.000000 0.000000 1.000000</float_array><technique_common><accessor source="#mixamorig_Neck-Matrix-animation-output-transform-array" count="34" stride="16"><param type="float4x4"/></accessor></technique_common></source><source id="mixamorig_Neck-Interpolations"><Name_array id="mixamorig_Neck-Interpolations-array" count="34">
 LINEAR LINEAR LINEAR LINEAR LINEAR LINEAR LINEAR LINEAR LINEAR LINEAR LINEAR
LINEAR LINEAR LINEAR LINEAR LINEAR LINEAR LINEAR LINEAR LINEAR LINEAR LINEAR LINEAR
LINEAR LINEAR LINEAR LINEAR LINEAR LINEAR LINEAR LINEAR LINEAR LINEAR LINEAR</Name_array><technique_common><accessor source="#mixamorig_Neck-Interpolations-array" count="34"><param type="name"/></accessor></technique_common></source><sampler id="mixamorig_Neck-Matrix-animation-transform"><input semantic="INPUT" source="#mixamorig_Neck-Matrix-animation-input"/><input semantic="OUTPUT" source="#mixamorig_Neck-Matrix-animation-output-transform"/><input semantic="INTERPOLATION" source="#mixamorig_Neck-Interpolations"/></sampler><channel source="#mixamorig_Neck-Matrix-animation-transform" target="mixamorig_Neck/matrix"/></animation>
    <animation id="mixamorig_Head-anim" name="mixamorig_Head"><source id="mixamorig_Head-Matrix-animation-input"><float_array id="mixamorig_Head-Matrix-animation-input-array" count="34">

0.000000 0.033333 0.066667 0.100000 0.133333 0.166667 0.200000 0.233333 0.266667 0.300000 0.333333 0.366667 0.400000 0.433333 0.466667 0.500000
0.533333 0.566667 0.600000 0.633333 0.666667 0.700000 0.733333 0.766667 0.800000 0.833333 0.866667 0.900000 0.933333 0.966667 1.000000 1.033333
1.066667 1.100000</float_array><technique_common><accessor source="#mixamorig_Head-Matrix-animation-input-array" count="34"><param name="TIME" type="float"/></accessor></technique_common></source><source id="mixamorig_Head-Matrix-animation-output-transform"><float_array id="mixamorig_Head-Matrix-animation-output-transform-array" count="544">

0.833895 -0.285350 -0.472435 -0.000000 0.233406 0.957994 -0.166641 9.617900 0.500141 0.028691 0.865469 1.685000 0.000000 0.000000 0.000000 1.000000
0.816096 -0.311011 -0.487093 0.000000 0.254403 0.950120 -0.180417 9.617900 0.518909 0.023320 0.854511 1.685000 0.000000 0.000000 0.000000 1.000000
0.795129 -0.336474 -0.504535 0.000000 0.272127 0.941460 -0.198995 9.617900 0.541956 0.020929 0.840146 1.685000 0.000000 0.000000 0.000000 1.000000
0.768870 -0.366896 -0.523666 -0.000000 0.286943 0.929878 -0.230198 9.617900 0.571404 0.026730 0.820233 1.685000 0.000000 0.000000 0.000000 1.000000
0.737497 -0.404538 -0.540783 -0.000000 0.301059 0.913711 -0.272940 9.617900 0.604534 0.038485 0.795649 1.685000 0.000000 0.000000 0.000000 1.000000
0.707864 -0.440038 -0.552535 0.000000 0.314779 0.896791 -0.310934 9.617900 0.632331 0.046172 0.773321 1.685000 0.000000 0.000000 0.000000 1.000000
0.687512 -0.463618 -0.558914 -0.000000 0.327861 0.884934 -0.330754 9.617900 0.647946 0.044151 0.760406 1.685000 0.000000 0.000000 0.000000 1.000000
0.677000 -0.476171 -0.561188 0.000000 0.339244 0.878564 -0.336213 9.617900 0.653135 0.037236 0.756326 1.685000 0.000000 0.000000 0.000000 1.000000
0.671943 -0.484251 -0.560351 0.000000 0.345615 0.874209 -0.341042 9.617900 0.655014 0.035495 0.754783 1.685000 0.000000 0.000000 0.000000 1.000000
0.669066 -0.491143 -0.557790 -0.000000 0.345172 0.870017 -0.352032 9.617900 0.658185 0.042999 0.751627 1.685000 0.000000 0.000000 0.000000 1.000000
0.668351 -0.495230 -0.555026 0.000000 0.340987 0.867118 -0.363090 9.617900 0.661086 0.053415 0.748406 1.685000 0.000000 0.000000 0.000000 1.000000
0.671644 -0.493383 -0.552692 0.000000 0.337012 0.867810 -0.365141 9.617900 0.659786 0.058981 0.749135 1.685000 0.000000 0.000000 0.000000 1.000000
0.680370 -0.483840 -0.550451 -0.000000 0.333436 0.873215 -0.355411 9.617900 0.652624 0.058271 0.755438 1.685000 0.000000 0.000000 0.000000 1.000000
0.694740 -0.466752 -0.547247 -0.000000 0.326537 0.882595 -0.338229 9.617900 0.640867 0.056285 0.765586 1.685000 0.000000 0.000000 0.000000 1.000000
0.713068 -0.444591 -0.542100 -0.000000 0.313243 0.893784 -0.320982 9.617900 0.627226 0.059073 0.776594 1.685000 0.000000 0.000000 0.000000 1.000000
0.731332 -0.422611 -0.535307 -0.000000 0.296198 0.903807 -0.308869 9.617900 0.614345 0.067329 0.786159 1.685000 0.000000 0.000000 0.000000 1.000000
0.746582 -0.405772 -0.527224 0.000000 0.281840 0.910745 -0.301843 9.617900 0.602646 0.076758 0.794309 1.685000 0.000000 0.000000 0.000000 1.000000
0.759395 -0.394098 -0.517694 0.000000 0.272899 0.915238 -0.296421 9.617900 0.590632 0.083823 0.802576 1.685000 0.000000 0.000000 0.000000 1.000000
0.770972 -0.384067 -0.508030 0.000000 0.265039 0.918830 -0.292413 9.617900 0.579100 0.090795 0.810185 1.685000 0.000000 0.000000 0.000000 1.000000
0.781315 -0.373576 -0.499987 0.000000 0.253196 0.921923 -0.293173 9.617900 0.570472 0.102466 0.814900 1.685000 0.000000 0.000000 0.000000 1.000000
0.790547 -0.363089 -0.493156 0.000000 0.239113 0.924369 -0.297266 9.617900 0.563792 0.117082 0.817576 1.685000 0.000000 0.000000 0.000000 1.000000
0.798736 -0.353937 -0.486569 0.000000 0.229226 0.926698 -0.297802 9.617900 0.556305 0.126331 0.821319 1.685000 0.000000 0.000000 0.000000 1.000000
0.805547 -0.346075 -0.480964 0.000000 0.226733 0.929966 -0.289405 9.617900 0.547436 0.124079 0.827598 1.685000 0.000000 0.000000 0.000000 1.000000
0.811641 -0.336940 -0.477190 0.000000 0.227472 0.934708 -0.273089 9.617900 0.538048 0.113103 0.835292 1.685000 0.000000 0.000000 0.000000 1.000000
0.818337 -0.324863 -0.474119 0.000000 0.226398 0.940438 -0.253614 9.617900 0.528269 0.100202 0.843144 1.685000 0.000000 0.000000 0.000000 1.000000
