<?xml version="1.0" encoding="utf-8"?>
<COLLADA xmlns="http://www.collada.org/2005/11/COLLADASchema" version="1.4.1">
  <asset><contributor><author>Mixamo</author><authoring_tool>COLLADA Mixamo exporter</authoring_tool><comments></comments></contributor><created>2018-12-18T17:45:11Z</created><modified>2018-12-18T17:45:11Z</modified><revision></revision><title></title><unit meter="0.010000"/><up_axis>Y_UP</up_axis></asset>
  <library_animations>
    <animation id="mixamorig_Hips-anim" name="mixamorig_Hips"><source id="mixamorig_Hips-Matrix-animation-input"><float_array id="mixamorig_Hips-Matrix-animation-input-array" count="20">

0.000000 0.033333 0.066667 0.100000 0.133333 0.166667 0.200000 0.233333 0.266667 0.300000 0.333333 0.366667 0.400000 0.433333 0.466667 0.500000
0.533333 0.566667 0.600000 0.633333</float_array><technique_common><accessor source="#mixamorig_Hips-Matrix-animation-input-array" count="20"><param name="TIME" type="float"/></accessor></technique_common></source><source id="mixamorig_Hips-Matrix-animation-output-transform"><float_array id="mixamorig_Hips-Matrix-animation-output-transform-array" count="320">

0.994334 0.081716 0.067988 -0.393563 -0.010273 0.710452 -0.703671 80.972542 -0.105804 0.698985 0.707266 2.330137 0.000000 0.000000 0.000000 1.000000
0.996152 0.056484 0.067019 -0.342606 0.006525 0.714731 -0.699369 81.647369 -0.087403 0.697114 0.711612 15.053657 0.000000 0.000000 0.000000 1.000000
0.996032 0.035483 0.081621 -0.422346 0.031457 0.717544 -0.695802 82.458084 -0.083256 0.695609 0.713580 28.576279 0.000000 0.000000 0.000000 1.000000
0.993898 0.036733 0.104010 -0.410488 0.045683 0.721182 -0.691237 82.838257 -0.100402 0.691771 0.715103 42.927128 0.000000 0.000000 0.000000 1.000000
0.990504 0.061501 0.122964 -0.297117 0.039791 0.727863 -0.684567 83.091705 -0.131603 0.682959 0.718503 57.831375 0.000000 0.000000 0.000000 1.000000
0.987537 0.092690 0.127201 0.139701 0.017802 0.737222 -0.675415 83.321938 -0.156380 0.669262 0.726384 72.250656 0.000000 0.000000 0.000000 1.000000
0.987278 0.106184 0.118349 0.902529 -0.000670 0.747096 -0.664716 83.415329 -0.159000 0.656180 0.737663 85.768913 0.000000 0.000000 0.000000 1.000000
0.989610 0.092159 0.110354 1.707682 0.003006 0.754115 -0.656735 83.113838 -0.143744 0.650244 0.746003 98.427879 0.000000 0.000000 0.000000 1.000000
0.991719 0.065247 0.110619 2.337099 0.023527 0.754458 -0.655927 82.703773 -0.126254 0.653097 0.746675 110.969223 0.000000 0.000000 0.000000 1.000000
0.992000 0.053198 0.114486 2.649081 0.036513 0.747209 -0.663585 82.689629 -0.120846 0.662456 0.739289 124.169617 0.000000 0.000000 0.000000 1.000000
0.991146 0.069222 0.113308 2.860330 0.026331 0.733936 -0.678708 83.331589 -0.130142 0.675682 0.725615 138.355103 0.000000 0.000000 0.000000 1.000000
0.989562 0.096060 0.107423 3.189426 0.006112 0.716788 -0.697264 84.158478 -0.143979 0.690643 0.708719 153.610886 0.000000 0.000000 0.000000 1.000000
0.988379 0.104336 0.110545 3.695065 0.005635 0.701583 -0.712566 84.592171 -0.151903 0.704908 0.692842 169.786362 0.000000 0.000000 0.000000 1.000000
0.987886 0.085071 0.129783 4.189047 0.034289 0.695999 -0.717223 84.743980 -0.151343 0.712985 0.684651 186.137726 0.000000 0.000000 0.000000 1.000000
0.986515 0.052610 0.154985 4.160569 0.073654 0.702930 -0.707435 84.705803 -0.146162 0.709311 0.689576 201.844772 0.000000 0.000000 0.000000 1.000000
0.985196 0.032507 0.168320 3.454131 0.094230 0.717537 -0.690117 84.411819 -0.143210 0.695761 0.703852 216.513809 0.000000 0.000000 0.000000 1.000000
0.986380 0.037802 0.160079 2.334544 0.082176 0.729807 -0.678696 83.687057 -0.142483 0.682607 0.716761 230.432785 0.000000 0.000000 0.000000 1.000000
0.989400 0.059995 0.132242 1.189734 0.046513 0.731755 -0.679979 82.669662 -0.137564 0.678923 0.721207 244.047882 0.000000 0.000000 0.000000 1.000000
0.992019 0.080120 0.097360 0.256255 0.009329 0.723408 -0.690357 81.684082 -0.125742 0.685756 0.716887 257.837006 0.000000 0.000000 0.000000 1.000000
0.994334 0.081716 0.067988 -0.393562 -0.010272 0.710452 -0.703671 80.972527 -0.105804 0.698985 0.707266 272.327393 0.000000 0.000000 0.000000 1.000000</float_array><technique_common><accessor source="#mixamorig_Hips-Matrix-animation-output-transform-array" count="20" stride="16"><param type="float4x4"/></accessor></technique_common></source><source id="mixamorig_Hips-Interpolations"><Name_array id="mixamorig_Hips-Interpolations-array" count="20">
 LINEAR LINEAR LINEAR LINEAR LINEAR LINEAR LINEAR LINEAR LINEAR LINEAR LINEAR
LINEAR LINEAR LINEAR LINEAR LINEAR LINEAR LINEAR LINEAR LINEAR</Name_array><technique_common><accessor source="#mixamorig_Hips-Interpolations-array" count="20"><param type="name"/></accessor></technique_common></source><sampler id="mixamorig_Hips-Matrix-animation-transform"><input semantic="INPUT" source="#mixamorig_Hips-Matrix-animation-input"/><input semantic="OUTPUT" source="#mixamorig_Hips-Matrix-animation-output-transform"/><input semantic="INTERPOLATION" source="#mixamorig_Hips-Interpolations"/></sampler><channel source="#mixamorig_Hips-Matrix-animation-transform" target="mixamorig_Hips/matrix"/></animation>
    <animation id="mixamorig_Spine-anim" name="mixamorig_Spine"><source id="mixamorig_Spine-Matrix-animation-input"><float_array id="mixamorig_Spine-Matrix-animation-input-array" count="20">

0.000000 0.033333 0.066667 0.100000 0.133333 0.166667 0.200000 0.233333 0.266667 0.300000 0.333333 0.366667 0.400000 0.433333 0.466667 0.500000
0.533333 0.566667 0.600000 0.633333</float_array><technique_common><accessor source="#mixamorig_Spine-Matrix-animation-input-array" count="20"><param name="TIME" type="float"/></accessor></technique_common></source><source id="mixamorig_Spine-Matrix-animation-output-transform"><float_array id="mixamorig_Spine-Matrix-animation-output-transform-array" count="320">

0.999823 -0.018514 0.003441 -0.000000 0.018548 0.936605 -0.349895 10.181600 0.003255 0.349897 0.936783 0.131500 0.000000 0.000000 0.000000 1.000000
0.999687 0.021246 0.013182 0.000000 -0.015589 0.941825 -0.335743 10.181600 -0.019548 0.335432 0.941862 0.131500 0.000000 0.000000 0.000000 1.000000
0.997648 0.063991 0.024551 -0.000000 -0.053256 0.949235 -0.310028 10.181600 -0.043144 0.307992 0.950410 0.131500 0.000000 0.000000 0.000000 1.000000
0.995177 0.088808 0.041667 0.000000 -0.073744 0.957384 -0.279245 10.181600 -0.064691 0.274825 0.959315 0.131500 0.000000 0.000000 0.000000 1.000000
0.995086 0.084020 0.052386 0.000000 -0.067746 0.963600 -0.258624 10.181600 -0.072208 0.253804 0.964557 0.131500 0.000000 0.000000 0.000000 1.000000
0.997478 0.055951 0.043671 0.000000 -0.042569 0.963942 -0.262684 10.181600 -0.056794 0.260163 0.963893 0.131500 0.000000 0.000000 0.000000 1.000000
0.999481 0.027241 0.017206 0.000000 -0.021075 0.956667 -0.290420 10.181600 -0.024371 0.289906 0.956745 0.131500 0.000000 0.000000 0.000000 1.000000
0.999795 0.014867 -0.013722 0.000000 -0.018515 0.945753 -0.324357 10.181600 0.008156 0.324545 0.945835 0.131500 0.000000 0.000000 0.000000 1.000000
0.999199 0.015121 -0.037046 0.000000 -0.027089 0.937043 -0.348162 10.181600 0.029449 0.348887 0.936702 0.131500 0.000000 0.000000 0.000000 1.000000
0.998633 0.008052 -0.051639 -0.000000 -0.025929 0.934221 -0.355752 10.181600 0.045378 0.356605 0.933153 0.131500 0.000000 0.000000 0.000000 1.000000
0.997697 -0.021270 -0.064407 0.000000 -0.002238 0.938720 -0.344673 10.181600 0.067791 0.344023 0.936511 0.131500 0.000000 0.000000 0.000000 1.000000
0.994238 -0.063939 -0.086037 0.000000 0.033865 0.948878 -0.313821 10.181600 0.101704 0.309100 0.945576 0.131500 0.000000 0.000000 0.000000 1.000000
0.988026 -0.095988 -0.120789 0.000000 0.060098 0.960505 -0.271697 10.181600 0.142098 0.261185 0.954773 0.131500 0.000000 0.000000 0.000000 1.000000
0.983469 -0.102362 -0.149367 0.000000 0.064474 0.968779 -0.239396 10.181600 0.169209 0.225809 0.959364 0.131500 0.000000 0.000000 0.000000 1.000000
0.985162 -0.084713 -0.149264 0.000000 0.047642 0.970499 -0.236350 10.181600 0.164883 0.225732 0.960135 0.131500 0.000000 0.000000 0.000000 1.000000
0.990606 -0.061149 -0.122315 0.000000 0.027024 0.964349 -0.263249 10.181600 0.134052 0.257471 0.956942 0.131500 0.000000 0.000000 0.000000 1.000000
0.994984 -0.047851 -0.087844 -0.000000 0.019210 0.953223 -0.301656 10.181600 0.098170 0.298455 0.949361 0.131500 0.000000 0.000000 0.000000 1.000000
0.997497 -0.044041 -0.055322 0.000000 0.023176 0.942768 -0.332643 10.181600 0.066805 0.330528 0.941429 0.131500 0.000000 0.000000 0.000000 1.000000
0.998966 -0.038086 -0.024827 0.000000 0.027050 0.936837 -0.348719 10.181600 0.036540 0.347687 0.936899 0.131500 0.000000 0.000000 0.000000 1.000000
0.999823 -0.018514 0.003441 0.000000 0.018547 0.936605 -0.349895 10.181600 0.003255 0.349897 0.936783 0.131500 0.000000 0.000000 0.000000 1.000000</float_array><technique_common><accessor source="#mixamorig_Spine-Matrix-animation-output-transform-array" count="20" stride="16"><param type="float4x4"/></accessor></technique_common></source><source id="mixamorig_Spine-Interpolations"><Name_array id="mixamorig_Spine-Interpolations-array" count="20">
 LINEAR LINEAR LINEAR LINEAR LINEAR LINEAR LINEAR LINEAR LINEAR LINEAR LINEAR
LINEAR LINEAR LINEAR LINEAR LINEAR LINEAR LINEAR LINEAR LINEAR</Name_array><technique_common><accessor source="#mixamorig_Spine-Interpolations-array" count="20"><param type="name"/></accessor></technique_common></source><sampler id="mixamorig_Spine-Matrix-animation-transform"><input semantic="INPUT" source="#mixamorig_Spine-Matrix-animation-input"/><input semantic="OUTPUT" source="#mixamorig_Spine-Matrix-animation-output-transform"/><input semantic="INTERPOLATION" source="#mixamorig_Spine-Interpolations"/></sampler><channel source="#mixamorig_Spine-Matrix-animation-transform" target="mixamorig_Spine/matrix"/></animation>
    <animation id="mixamorig_Spine1-anim" name="mixamorig_Spine1"><source id="mixamorig_Spine1-Matrix-animation-input"><float_array id="mixamorig_Spine1-Matrix-animation-input-array" count="20">

0.000000 0.033333 0.066667 0.100000 0.133333 0.166667 0.200000 0.233333 0.266667 0.300000 0.333333 0.366667 0.400000 0.433333 0.466667 0.500000
0.533333 0.566667 0.600000 0.633333</float_array><technique_common><accessor source="#mixamorig_Spine1-Matrix-animation-input-array" count="20"><param name="TIME" type="float"/></accessor></technique_common></source><source id="mixamorig_Spine1-Matrix-animation-output-transform"><float_array id="mixamorig_Spine1-Matrix-animation-output-transform-array" count="320">

0.999920 0.005169 -0.011532 0.000000 -0.006633 0.991388 -0.130789 10.083500 0.010757 0.130855 0.991343 -1.000800 0.000000 0.000000 0.000000 1.000000
0.999695 0.024705 -0.000532 0.000000 -0.024597 0.992800 -0.117235 10.083500 -0.002368 0.117212 0.993104 -1.000800 0.000000 0.000000 0.000000 1.000000
0.999111 0.041425 0.007764 0.000000 -0.040510 0.994718 -0.094312 10.083500 -0.011629 0.093914 0.995512 -1.000800 0.000000 0.000000 0.000000 1.000000
0.998781 0.048092 0.011129 -0.000000 -0.047267 0.996751 -0.065211 10.083500 -0.014229 0.064606 0.997809 -1.000800 0.000000 0.000000 0.000000 1.000000
0.999112 0.041104 0.009204 0.000000 -0.040655 0.998180 -0.044537 10.083500 -0.011018 0.044123 0.998965 -1.000800 0.000000 0.000000 0.000000 1.000000
0.999661 0.025754 0.003725 0.000000 -0.025543 0.998503 -0.048375 10.083500 -0.004965 0.048263 0.998822 -1.000800 0.000000 0.000000 0.000000 1.000000
0.999903 0.013482 -0.003388 0.000000 -0.013699 0.997050 -0.075520 10.083500 0.002360 0.075559 0.997139 -1.000800 0.000000 0.000000 0.000000 1.000000
0.999879 0.010948 -0.011027 0.000000 -0.012074 0.994092 -0.107863 10.083500 0.009781 0.107983 0.994105 -1.000800 0.000000 0.000000 0.000000 1.000000
0.999747 0.012979 -0.018382 0.000000 -0.015232 0.991622 -0.128272 10.083500 0.016564 0.128519 0.991569 -1.000800 0.000000 0.000000 0.000000 1.000000
0.999649 0.008587 -0.025076 0.000000 -0.011808 0.991274 -0.131291 10.083500 0.023730 0.131540 0.991027 -1.000800 0.000000 0.000000 0.000000 1.000000
0.999461 -0.007183 -0.032036 0.000000 0.003343 0.992969 -0.118330 10.083500 0.032661 0.118159 0.992457 -1.000800 0.000000 0.000000 0.000000 1.000000
0.998774 -0.028307 -0.040600 0.000000 0.024534 0.995585 -0.090596 10.083500 0.042985 0.089489 0.995060 -1.000800 0.000000 0.000000 0.000000 1.000000
0.997802 -0.043327 -0.050133 -0.000000 0.040632 0.997736 -0.053583 10.083500 0.052341 0.051428 0.997304 -1.000800 0.000000 0.000000 0.000000 1.000000
0.997323 -0.045075 -0.057579 0.000000 0.043689 0.998730 -0.025103 10.083500 0.058637 0.022520 0.998025 -1.000800 0.000000 0.000000 0.000000 1.000000
0.997547 -0.036290 -0.059863 -0.000000 0.034876 0.999091 -0.024494 10.083500 0.060698 0.022346 0.997906 -1.000800 0.000000 0.000000 0.000000 1.000000
0.998075 -0.026399 -0.056128 0.000000 0.023477 0.998366 -0.052095 10.083500 0.057411 0.050677 0.997064 -1.000800 0.000000 0.000000 0.000000 1.000000
0.998637 -0.021575 -0.047527 -0.000000 0.017228 0.995788 -0.090057 10.083500 0.049269 0.089116 0.994802 -1.000800 0.000000 0.000000 0.000000 1.000000
0.999174 -0.018835 -0.036001 -0.000000 0.014395 0.992688 -0.119845 10.083500 0.037995 0.119228 0.992140 -1.000800 0.000000 0.000000 0.000000 1.000000
0.999661 -0.011193 -0.023510 0.000000 0.007961 0.991046 -0.133285 10.083500 0.024792 0.133052 0.990799 -1.000800 0.000000 0.000000 0.000000 1.000000
0.999920 0.005169 -0.011532 0.000000 -0.006633 0.991388 -0.130789 10.083500 0.010757 0.130855 0.991343 -1.000800 0.000000 0.000000 0.000000 1.000000</float_array><technique_common><accessor source="#mixamorig_Spine1-Matrix-animation-output-transform-array" count="20" stride="16"><param type="float4x4"/></accessor></technique_common></source><source id="mixamorig_Spine1-Interpolations"><Name_array id="mixamorig_Spine1-Interpolations-array" count="20">
 LINEAR LINEAR LINEAR LINEAR LINEAR LINEAR LINEAR LINEAR LINEAR LINEAR LINEAR
LINEAR LINEAR LINEAR LINEAR LINEAR LINEAR LINEAR LINEAR LINEAR</Name_array><technique_common><accessor source="#mixamorig_Spine1-Interpolations-array" count="20"><param type="name"/></accessor></technique_common></source><sampler id="mixamorig_Spine1-Matrix-animation-transform"><input semantic="INPUT" source="#mixamorig_Spine1-Matrix-animation-input"/><input semantic="OUTPUT" source="#mixamorig_Spine1-Matrix-animation-output-transform"/><input semantic="INTERPOLATION" source="#mixamorig_Spine1-Interpolations"/></sampler><channel source="#mixamorig_Spine1-Matrix-animation-transform" target="mixamorig_Spine1/matrix"/></animation>
    <animation id="mixamorig_Spine2-anim" name="mixamorig_Spine2"><source id="mixamorig_Spine2-Matrix-animation-input"><float_array id="mixamorig_Spine2-Matrix-animation-input-array" count="20">

0.000000 0.033333 0.066667 0.100000 0.133333 0.166667 0.200000 0.233333 0.266667 0.300000 0.333333 0.366667 0.400000 0.433333 0.466667 0.500000
0.533333 0.566667 0.600000 0.633333</float_array><technique_common><accessor source="#mixamorig_Spine2-Matrix-animation-input-array" count="20"><param name="TIME" type="float"/></accessor></technique_common></source><source id="mixamorig_Spine2-Matrix-animation-output-transform"><float_array id="mixamorig_Spine2-Matrix-animation-output-transform-array" count="320">

0.999835 -0.000837 -0.018141 0.000000 -0.004025 0.963876 -0.266322 9.100000 0.017709 0.266351 0.963713 -1.373400 0.000000 0.000000 0.000000 1.000000
0.999772 0.019933 -0.007647 -0.000000 -0.021220 0.967141 -0.253354 9.100000 0.002346 0.253459 0.967343 -1.373400 0.000000 0.000000 0.000000 1.000000
0.999287 0.037753 -0.000734 0.000000 -0.036901 0.972234 -0.231084 9.100000 -0.008010 0.230946 0.972934 -1.373400 0.000000 0.000000 0.000000 1.000000
0.998982 0.045083 0.001412 0.000000 -0.043863 0.978284 -0.202574 9.100000 -0.010514 0.202306 0.979266 -1.373400 0.000000 0.000000 0.000000 1.000000
0.999274 0.038091 -0.000256 0.000000 -0.037500 0.982540 -0.182233 9.100000 -0.006690 0.182110 0.983255 -1.373400 0.000000 0.000000 0.000000 1.000000
0.999748 0.022118 -0.003879 0.000000 -0.022453 0.982297 -0.185982 9.100000 -0.000303 0.186022 0.982545 -1.373400 0.000000 0.000000 0.000000 1.000000
0.999919 0.008893 -0.009143 0.000000 -0.010633 0.977092 -0.212552 9.100000 0.007044 0.212632 0.977107 -1.373400 0.000000 0.000000 0.000000 1.000000
0.999849 0.005350 -0.016517 0.000000 -0.009221 0.969717 -0.244059 9.100000 0.014711 0.244174 0.969620 -1.373400 0.000000 0.000000 0.000000 1.000000
0.999665 0.006415 -0.025086 -0.000000 -0.012807 0.964508 -0.263744 9.100000 0.022503 0.263977 0.964266 -1.373400 0.000000 0.000000 0.000000 1.000000
0.999461 0.001107 -0.032812 0.000000 -0.009813 0.963810 -0.266409 9.100000 0.031330 0.266588 0.963301 -1.373400 0.000000 0.000000 0.000000 1.000000
0.999134 -0.015554 -0.038583 0.000000 0.005264 0.967291 -0.253615 9.100000 0.041265 0.253192 0.966535 -1.373400 0.000000 0.000000 0.000000 1.000000
0.998358 -0.037746 -0.043091 0.000000 0.027034 0.973628 -0.226535 9.100000 0.050505 0.224998 0.973049 -1.373400 0.000000 0.000000 0.000000 1.000000
0.997391 -0.054198 -0.047694 0.000000 0.044190 0.980724 -0.190336 9.100000 0.057090 0.187732 0.980560 -1.373400 0.000000 0.000000 0.000000 1.000000
0.996964 -0.057309 -0.052706 0.000000 0.048067 0.985554 -0.162399 9.100000 0.061252 0.159373 0.985316 -1.373400 0.000000 0.000000 0.000000 1.000000
0.997195 -0.048934 -0.056633 0.000000 0.039201 0.986051 -0.161761 9.100000 0.063759 0.159087 0.985204 -1.373400 0.000000 0.000000 0.000000 1.000000
0.997648 -0.038176 -0.056927 0.000000 0.026797 0.981669 -0.188699 9.100000 0.063087 0.186730 0.980384 -1.373400 0.000000 0.000000 0.000000 1.000000
0.998145 -0.031759 -0.051939 0.000000 0.019243 0.973992 -0.225763 9.100000 0.057759 0.224345 0.972797 -1.373400 0.000000 0.000000 0.000000 1.000000
0.998730 -0.027411 -0.042264 0.000000 0.015744 0.966813 -0.254998 9.100000 0.047851 0.254009 0.966017 -1.373400 0.000000 0.000000 0.000000 1.000000
0.999374 -0.018410 -0.030195 0.000000 0.009634 0.963250 -0.268432 9.100000 0.034027 0.267973 0.962825 -1.373400 0.000000 0.000000 0.000000 1.000000
0.999835 -0.000837 -0.018141 0.000000 -0.004025 0.963876 -0.266322 9.100000 0.017709 0.266351 0.963713 -1.373400 0.000000 0.000000 0.000000 1.000000</float_array><technique_common><accessor source="#mixamorig_Spine2-Matrix-animation-output-transform-array" count="20" stride="16"><param type="float4x4"/></accessor></technique_common></source><source id="mixamorig_Spine2-Interpolations"><Name_array id="mixamorig_Spine2-Interpolations-array" count="20">
 LINEAR LINEAR LINEAR LINEAR LINEAR LINEAR LINEAR LINEAR LINEAR LINEAR LINEAR
LINEAR LINEAR LINEAR LINEAR LINEAR LINEAR LINEAR LINEAR LINEAR</Name_array><technique_common><accessor source="#mixamorig_Spine2-Interpolations-array" count="20"><param type="name"/></accessor></technique_common></source><sampler id="mixamorig_Spine2-Matrix-animation-transform"><input semantic="INPUT" source="#mixamorig_Spine2-Matrix-animation-input"/><input semantic="OUTPUT" source="#mixamorig_Spine2-Matrix-animation-output-transform"/><input semantic="INTERPOLATION" source="#mixamorig_Spine2-Interpolations"/></sampler><channel source="#mixamorig_Spine2-Matrix-animation-transform" target="mixamorig_Spine2/matrix"/></animation>
    <animation id="mixamorig_Neck-anim" name="mixamorig_Neck"><source id="mixamorig_Neck-Matrix-animation-input"><float_array id="mixamorig_Neck-Matrix-animation-input-array" count="20">

0.000000 0.033333 0.066667 0.100000 0.133333 0.166667 0.200000 0.233333 0.266667 0.300000 0.333333 0.366667 0.400000 0.433333 0.466667 0.500000
0.533333 0.566667 0.600000 0.633333</float_array><technique_common><accessor source="#mixamorig_Neck-Matrix-animation-input-array" count="20"><param name="TIME" type="float"/></accessor></technique_common></source><source id="mixamorig_Neck-Matrix-animation-output-transform"><float_array id="mixamorig_Neck-Matrix-animation-output-transform-array" count="320">

0.994673 -0.096132 -0.037197 0.000000 0.102291 0.876075 0.471200 16.671700 -0.012710 -0.472495 0.881241 -2.516200 0.000000 0.000000 0.000000 1.000000
0.990861 -0.115662 -0.069402 0.000000 0.134409 0.889879 0.435946 16.671700 0.011337 -0.441290 0.897293 -2.516200 0.000000 0.000000 0.000000 1.000000
0.983987 -0.147080 -0.100680 0.000000 0.173885 0.916222 0.360973 16.671700 0.039153 -0.372699 0.927126 -2.516200 0.000000 0.000000 0.000000 1.000000
0.975839 -0.180725 -0.122791 0.000000 0.207463 0.942713 0.261251 16.671700 0.068542 -0.280414 0.957429 -2.516200 0.000000 0.000000 0.000000 1.000000
0.971214 -0.199927 -0.129512 0.000000 0.221600 0.957755 0.183302 16.671700 0.087393 -0.206725 0.974488 -2.516200 0.000000 0.000000 0.000000 1.000000
0.973280 -0.195340 -0.120697 0.000000 0.214372 0.961350 0.172776 16.671700 0.082282 -0.194034 0.977538 -2.516200 0.000000 0.000000 0.000000 1.000000
0.978940 -0.176524 -0.102542 -0.000000 0.195955 0.953375 0.229517 16.671700 0.057245 -0.244777 0.967888 -2.516200 0.000000 0.000000 0.000000 1.000000
0.983467 -0.160465 -0.083926 0.000000 0.178985 0.931774 0.315850 16.671700 0.027517 -0.325650 0.945090 -2.516200 0.000000 0.000000 0.000000 1.000000
0.985926 -0.152495 -0.068524 0.000000 0.167170 0.904518 0.392304 16.671700 0.002157 -0.398238 0.917280 -2.516200 0.000000 0.000000 0.000000 1.000000
0.988241 -0.144159 -0.050972 0.000000 0.151937 0.888370 0.433261 16.671700 -0.017176 -0.435910 0.899826 -2.516200 0.000000 0.000000 0.000000 1.000000
0.991858 -0.124974 -0.024480 -0.000000 0.123471 0.896647 0.425181 16.671700 -0.031187 -0.424742 0.904777 -2.516200 0.000000 0.000000 0.000000 1.000000
0.995652 -0.092704 0.009126 0.000000 0.082880 0.926317 0.367516 16.671700 -0.042523 -0.365162 0.929972 -2.516200 0.000000 0.000000 0.000000 1.000000
0.997616 -0.056761 0.039262 -0.000000 0.043334 0.957916 0.283760 16.671700 -0.053716 -0.281382 0.958091 -2.516200 0.000000 0.000000 0.000000 1.000000
0.997906 -0.033675 0.055223 -0.000000 0.020555 0.974629 0.222882 16.671700 -0.061327 -0.221280 0.973280 -2.516200 0.000000 0.000000 0.000000 1.000000
0.997992 -0.033721 0.053611 0.000000 0.020971 0.974668 0.222672 16.671700 -0.059762 -0.221101 0.973418 -2.516200 0.000000 0.000000 0.000000 1.000000
0.997944 -0.050737 0.039150 0.000000 0.038011 0.960460 0.275812 16.671700 -0.051596 -0.273757 0.960414 -2.516200 0.000000 0.000000 0.000000 1.000000
0.997342 -0.070009 0.020198 -0.000000 0.058582 0.935260 0.349079 16.671700 -0.043329 -0.346968 0.936875 -2.516200 0.000000 0.000000 0.000000 1.000000
0.996553 -0.082934 0.002126 0.000000 0.074587 0.906887 0.414719 16.671700 -0.036322 -0.413131 0.909947 -2.516200 0.000000 0.000000 0.000000 1.000000
0.995797 -0.090228 -0.015729 0.000000 0.087405 0.884882 0.457542 16.671700 -0.027365 -0.456994 0.889049 -2.516200 0.000000 0.000000 0.000000 1.000000
0.994673 -0.096132 -0.037197 0.000000 0.102291 0.876075 0.471200 16.671700 -0.012710 -0.472495 0.881241 -2.516200 0.000000 0.000000 0.000000 1.000000</float_array><technique_common><accessor source="#mixamorig_Neck-Matrix-animation-output-transform-array" count="20" stride="16"><param type="float4x4"/></accessor></technique_common></source><source id="mixamorig_Neck-Interpolations"><Name_array id="mixamorig_Neck-Interpolations-array" count="20">
 LINEAR LINEAR LINEAR LINEAR LINEAR LINEAR LINEAR LINEAR LINEAR LINEAR LINEAR
LINEAR LINEAR LINEAR LINEAR LINEAR LINEAR LINEAR LINEAR LINEAR</Name_array><technique_common><accessor source="#mixamorig_Neck-Interpolations-array" count="20"><param type="name"/></accessor></technique_common></source><sampler id="mixamorig_Neck-Matrix-animation-transform"><input semantic="INPUT" source="#mixamorig_Neck-Matrix-animation-input"/><input semantic="OUTPUT" source="#mixamorig_Neck-Matrix-animation-output-transform"/><input semantic="INTERPOLATION" source="#mixamorig_Neck-Interpolations"/></sampler><channel source="#mixamorig_Neck-Matrix-animation-transform" target="mixamorig_Neck/matrix"/></animation>
    <animation id="mixamorig_Head-anim" name="mixamorig_Head"><source id="mixamorig_Head-Matrix-animation-input"><float_array id="mixamorig_Head-Matrix-animation-input-array" count="20">

0.000000 0.033333 0.066667 0.100000 0.133333 0.166667 0.200000 0.233333 0.266667 0.300000 0.333333 0.366667 0.400000 0.433333 0.466667 0.500000
0.533333 0.566667 0.600000 0.633333</float_array><technique_common><accessor source="#mixamorig_Head-Matrix-animation-input-array" count="20"><param name="TIME" type="float"/></accessor></technique_common></source><source id="mixamorig_Head-Matrix-animation-output-transform"><float_array id="mixamorig_Head-Matrix-animation-output-transform-array" count="320">

0.999998 0.002015 0.000528 -0.000000 -0.001745 0.671800 0.740731 9.617900 0.001138 -0.740730 0.671802 1.685000 0.000000 0.000000 0.000000 1.000000
0.999330 -0.005984 -0.036095 0.000000 0.030557 0.679092 0.733417 9.617900 0.020123 -0.734029 0.678820 1.685000 0.000000 0.000000 0.000000 1.000000
0.997694 -0.008861 -0.067288 0.000000 0.055074 0.685081 0.726382 9.617900 0.039661 -0.728413 0.683989 1.685000 0.000000 0.000000 0.000000 1.000000
0.996423 -0.004242 -0.084401 0.000000 0.063801 0.692684 0.718413 9.617900 0.055416 -0.721228 0.690477 1.685000 0.000000 0.000000 0.000000 1.000000
0.996601 0.004882 -0.082232 0.000000 0.055327 0.699914 0.712081 9.617900 0.061032 -0.714210 0.697265 1.685000 0.000000 0.000000 0.000000 1.000000
0.997888 0.010069 -0.064172 -0.000000 0.038662 0.701794 0.711330 9.617900 0.052198 -0.712309 0.699922 1.685000 0.000000 0.000000 0.000000 1.000000
0.999158 0.006240 -0.040556 0.000000 0.024692 0.697976 0.715696 9.617900 0.032773 -0.716094 0.697234 1.685000 0.000000 0.000000 0.000000 1.000000
0.999784 -0.001648 -0.020718 0.000000 0.016072 0.693341 0.720430 9.617900 0.013177 -0.720608 0.693218 1.685000 0.000000 0.000000 0.000000 1.000000
0.999975 -0.004421 -0.005573 -0.000000 0.007083 0.691078 0.722745 9.617900 0.000656 -0.722767 0.691092 1.685000 0.000000 0.000000 0.000000 1.000000
0.999926 0.000937 0.012157 0.000000 -0.009454 0.689168 0.724540 9.617900 -0.007700 -0.724601 0.689125 1.685000 0.000000 0.000000 0.000000 1.000000
0.999159 0.010550 0.039617 0.000000 -0.036048 0.686357 0.726371 9.617900 -0.019528 -0.727188 0.686160 1.685000 0.000000 0.000000 0.000000 1.000000
0.997033 0.020304 0.074251 0.000000 -0.067749 0.689390 0.721215 9.617900 -0.036544 -0.724106 0.688720 1.685000 0.000000 0.000000 0.000000 1.000000
0.994298 0.027776 0.102952 0.000000 -0.092477 0.705309 0.702843 9.617900 -0.053091 -0.708356 0.703856 1.685000 0.000000 0.000000 0.000000 1.000000
0.993202 0.029923 0.112491 0.000000 -0.098972 0.725765 0.680786 9.617900 -0.061270 -0.687292 0.723793 1.685000 0.000000 0.000000 0.000000 1.000000
0.994535 0.025767 0.101174 0.000000 -0.087582 0.733395 0.674137 9.617900 -0.056830 -0.679314 0.731644 1.685000 0.000000 0.000000 0.000000 1.000000
0.996623 0.019641 0.079725 0.000000 -0.069255 0.722691 0.687693 9.617900 -0.044109 -0.690892 0.721611 1.685000 0.000000 0.000000 0.000000 1.000000
0.998055 0.015898 0.060278 0.000000 -0.054025 0.703024 0.709111 9.617900 -0.031103 -0.710989 0.702515 1.685000 0.000000 0.000000 0.000000 1.000000
0.998891 0.013393 0.045148 0.000000 -0.042038 0.685722 0.726649 9.617900 -0.021227 -0.727740 0.685524 1.685000 0.000000 0.000000 0.000000 1.000000
0.999578 0.008942 0.027637 -0.000000 -0.026419 0.675371 0.737005 9.617900 -0.012074 -0.737424 0.675322 1.685000 0.000000 0.000000 0.000000 1.000000
0.999998 0.002015 0.000528 0.000000 -0.001745 0.671800 0.740731 9.617900 0.001138 -0.740730 0.671802 1.685000 0.000000 0.000000 0.000000 1.000000</float_array><technique_common><accessor source="#mixamorig_Head-Matrix-animation-output-transform-array" count="20" stride="16"><param type="float4x4"/></accessor></technique_common></source><source id="mixamorig_Head-Interpolations"><Name_array id="mixamorig_Head-Interpolations-array" count="20">
 LINEAR LINEAR LINEAR LINEAR LINEAR LINEAR LINEAR LINEAR LINEAR LINEAR LINEAR
LINEAR LINEAR LINEAR LINEAR LINEAR LINEAR LINEAR LINEAR LINEAR</Name_array><technique_common><accessor source="#mixamorig_Head-Interpolations-array" count="20"><param type="name"/></accessor></technique_common></source><sampler id="mixamorig_Head-Matrix-animation-transform"><input semantic="INPUT" source="#mixamorig_Head-Matrix-animation-input"/><input semantic="OUTPUT" source="#mixamorig_Head-Matrix-animation-output-transform"/><input semantic="INTERPOLATION" source="#mixamorig_Head-Interpolations"/></sampler><channel source="#mixamorig_Head-Matrix-animation-transform" target="mixamorig_Head/matrix"/></animation>
    <animation id="mixamorig_LeftShoulder-anim" name="mixamorig_LeftShoulder"><source id="mixamorig_LeftShoulder-Matrix-animation-input"><float_array id="mixamorig_LeftShoulder-Matrix-animation-input-array" count="20">

0.000000 0.033333 0.066667 0.100000 0.133333 0.166667 0.200000 0.233333 0.266667 0.300000 0.333333 0.366667 0.400000 0.433333 0.466667 0.500000
0.533333 0.566667 0.600000 0.633333</float_array><technique_common><accessor source="#mixamorig_LeftShoulder-Matrix-animation-input-array" count="20"><param name="TIME" type="float"/></accessor></technique_common></source><source id="mixamorig_LeftShoulder-Matrix-animation-output-transform"><float_array id="mixamorig_LeftShoulder-Matrix-animation-output-transform-array" count="320">

0.975844 -0.092714 0.197822 4.570400 0.102370 0.993976 -0.039132 10.946000 -0.193002 0.058438 0.979457 -2.628000 0.000000 0.000000 0.000000 1.000000
0.975242 -0.101010 0.196724 4.570400 0.110374 0.993194 -0.037200 10.946000 -0.191628 0.057992 0.979753 -2.628000 0.000000 0.000000 0.000000 1.000000
0.975834 -0.106413 0.190851 4.570400 0.115298 0.992677 -0.036035 10.946000 -0.185618 0.057168 0.980957 -2.628000 0.000000 0.000000 0.000000 1.000000
0.977780 -0.104460 0.181752 4.570400 0.112890 0.992931 -0.036648 10.946000 -0.176639 0.056351 0.982661 -2.628000 0.000000 0.000000 0.000000 1.000000
0.980074 -0.096500 0.173615 4.570400 0.104671 0.993760 -0.038524 10.946000 -0.168814 0.055929 0.984060 -2.628000 0.000000 0.000000 0.000000 1.000000
0.981048 -0.090441 0.171360 4.570400 0.098628 0.994326 -0.039865 10.946000 -0.166782 0.056011 0.984402 -2.628000 0.000000 0.000000 0.000000 1.000000
0.980025 -0.092250 0.176185 4.570400 0.100670 0.994137 -0.039450 10.946000 -0.171513 0.056399 0.983566 -2.628000 0.000000 0.000000 0.000000 1.000000
0.978018 -0.098688 0.183691 4.570400 0.107373 0.993495 -0.037924 10.946000 -0.178753 0.056814 0.982252 -2.628000 0.000000 0.000000 0.000000 1.000000
0.976927 -0.101809 0.187746 4.570400 0.110638 0.993167 -0.037140 10.946000 -0.182682 0.057055 0.981515 -2.628000 0.000000 0.000000 0.000000 1.000000
0.977424 -0.098835 0.186747 4.570400 0.107689 0.993464 -0.037853 10.946000 -0.181785 0.057109 0.981679 -2.628000 0.000000 0.000000 0.000000 1.000000
0.978231 -0.093079 0.185472 4.570400 0.102012 0.994011 -0.039198 10.946000 -0.180712 0.057265 0.981867 -2.628000 0.000000 0.000000 0.000000 1.000000
0.978013 -0.086570 0.189725 4.570400 0.095916 0.994560 -0.040630 10.946000 -0.185175 0.057935 0.980996 -2.628000 0.000000 0.000000 0.000000 1.000000
0.976922 -0.078027 0.198832 4.570400 0.088145 0.995199 -0.042541 10.946000 -0.194558 0.059085 0.979110 -2.628000 0.000000 0.000000 0.000000 1.000000
0.976331 -0.068858 0.205026 4.570400 0.079625 0.995821 -0.044725 10.946000 -0.201089 0.059992 0.977734 -2.628000 0.000000 0.000000 0.000000 1.000000
0.977237 -0.065115 0.201913 4.570400 0.075796 0.996079 -0.045622 10.946000 -0.198151 0.059888 0.978340 -2.628000 0.000000 0.000000 0.000000 1.000000
0.978767 -0.070298 0.192545 4.570400 0.080251 0.995786 -0.044381 10.946000 -0.188614 0.058891 0.980284 -2.628000 0.000000 0.000000 0.000000 1.000000
0.979189 -0.080123 0.186464 4.570400 0.089454 0.995098 -0.042166 10.946000 -0.182171 0.057969 0.981557 -2.628000 0.000000 0.000000 0.000000 1.000000
0.978116 -0.087671 0.188686 4.570400 0.096937 0.994469 -0.040437 10.946000 -0.184097 0.057843 0.981205 -2.628000 0.000000 0.000000 0.000000 1.000000
0.976584 -0.090953 0.194965 4.570400 0.100492 0.994150 -0.039586 10.946000 -0.190224 0.058251 0.980011 -2.628000 0.000000 0.000000 0.000000 1.000000
0.975844 -0.092714 0.197822 4.570400 0.102369 0.993976 -0.039132 10.946000 -0.193002 0.058438 0.979457 -2.628000 0.000000 0.000000 0.000000 1.000000</float_array><technique_common><accessor source="#mixamorig_LeftShoulder-Matrix-animation-output-transform-array" count="20" stride="16"><param type="float4x4"/></accessor></technique_common></source><source id="mixamorig_LeftShoulder-Interpolations"><Name_array id="mixamorig_LeftShoulder-Interpolations-array" count="20">
 LINEAR LINEAR LINEAR LINEAR LINEAR LINEAR LINEAR LINEAR LINEAR LINEAR LINEAR
LINEAR LINEAR LINEAR LINEAR LINEAR LINEAR LINEAR LINEAR LINEAR</Name_array><technique_common><accessor source="#mixamorig_LeftShoulder-Interpolations-array" count="20"><param type="name"/></accessor></technique_common></source><sampler id="mixamorig_LeftShoulder-Matrix-animation-transform"><input semantic="INPUT" source="#mixamorig_LeftShoulder-Matrix-animation-input"/><input semantic="OUTPUT" source="#mixamorig_LeftShoulder-Matrix-animation-output-transform"/><input semantic="INTERPOLATION" source="#mixamorig_LeftShoulder-Interpolations"/></sampler><channel source="#mixamorig_LeftShoulder-Matrix-animation-transform" target="mixamorig_LeftShoulder/matrix"/></animation>
    <animation id="mixamorig_LeftArm-anim" name="mixamorig_LeftArm"><source id="mixamorig_LeftArm-Matrix-animation-input"><float_array id="mixamorig_LeftArm-Matrix-animation-input-array" count="20">

0.000000 0.033333 0.066667 0.100000 0.133333 0.166667 0.200000 0.233333 0.266667 0.300000 0.333333 0.366667 0.400000 0.433333 0.466667 0.500000
0.533333 0.566667 0.600000 0.633333</float_array><technique_common><accessor source="#mixamorig_LeftArm-Matrix-animation-input-array" count="20"><param name="TIME" type="float"/></accessor></technique_common></source><source id="mixamorig_LeftArm-Matrix-animation-output-transform"><float_array id="mixamorig_LeftArm-Matrix-animation-output-transform-array" count="320">

0.291021 0.733963 -0.613681 10.592400 -0.952022 0.158699 -0.261666 -0.524600 -0.094663 0.660389 0.744934 -2.232100 0.000000 0.000000 0.000000 1.000000
0.294900 0.749408 -0.592808 10.592400 -0.944544 0.134829 -0.299429 -0.524600 -0.144466 0.648235 0.747610 -2.232100 0.000000 0.000000 0.000000 1.000000
0.319716 0.761449 -0.563895 10.592400 -0.925398 0.123106 -0.358446 -0.524600 -0.203520 0.636428 0.744002 -2.232100 0.000000 0.000000 0.000000 1.000000
0.346763 0.773742 -0.530169 10.592400 -0.899167 0.113361 -0.422668 -0.524600 -0.266936 0.623276 0.735032 -2.232100 0.000000 0.000000 0.000000 1.000000
0.352562 0.786174 -0.507574 10.592400 -0.884304 0.102467 -0.455529 -0.524600 -0.306115 0.609452 0.731343 -2.232100 0.000000 0.000000 0.000000 1.000000
0.332756 0.791893 -0.512033 10.592400 -0.896269 0.096750 -0.432829 -0.524600 -0.293215 0.602946 0.741944 -2.232100 0.000000 0.000000 0.000000 1.000000
0.303801 0.784086 -0.541215 10.592400 -0.921848 0.098446 -0.374840 -0.524600 -0.240626 0.612795 0.752716 -2.232100 0.000000 0.000000 0.000000 1.000000
0.293323 0.759002 -0.581272 10.592400 -0.938956 0.114379 -0.324467 -0.524600 -0.179786 0.640963 0.746220 -2.232100 0.000000 0.000000 0.000000 1.000000
0.309570 0.722440 -0.618261 10.592400 -0.942909 0.149235 -0.297744 -0.524600 -0.122836 0.675136 0.727394 -2.232100 0.000000 0.000000 0.000000 1.000000
0.322659 0.696793 -0.640602 10.592400 -0.943072 0.178988 -0.280319 -0.524600 -0.080665 0.694581 0.714878 -2.232100 0.000000 0.000000 0.000000 1.000000
0.303164 0.704032 -0.642208 10.592400 -0.949664 0.167391 -0.264797 -0.524600 -0.078926 0.690159 0.719341 -2.232100 0.000000 0.000000 0.000000 1.000000
0.254638 0.737902 -0.625028 10.592400 -0.958649 0.107678 -0.263433 -0.524600 -0.127086 0.666263 0.734808 -2.232100 0.000000 0.000000 0.000000 1.000000
0.202984 0.772576 -0.601601 10.592400 -0.959347 0.033873 -0.280191 -0.524600 -0.196091 0.634018 0.748044 -2.232100 0.000000 0.000000 0.000000 1.000000
0.179159 0.792374 -0.583134 10.592400 -0.951602 -0.010874 -0.307141 -0.524600 -0.249711 0.609938 0.752077 -2.232100 0.000000 0.000000 0.000000 1.000000
0.195565 0.796144 -0.572633 10.592400 -0.942687 -0.008364 -0.333574 -0.524600 -0.270363 0.605049 0.748879 -2.232100 0.000000 0.000000 0.000000 1.000000
0.232401 0.786399 -0.572334 10.592400 -0.939112 0.028305 -0.342444 -0.524600 -0.253097 0.617070 0.745095 -2.232100 0.000000 0.000000 0.000000 1.000000
0.261799 0.769500 -0.582522 10.592400 -0.941736 0.071613 -0.328640 -0.524600 -0.211173 0.634620 0.743414 -2.232100 0.000000 0.000000 0.000000 1.000000
0.276399 0.753063 -0.597076 10.592400 -0.947071 0.107881 -0.302354 -0.524600 -0.163278 0.649044 0.743022 -2.232100 0.000000 0.000000 0.000000 1.000000
0.283356 0.740986 -0.608809 10.592400 -0.951316 0.136902 -0.276144 -0.524600 -0.121272 0.657417 0.743704 -2.232100 0.000000 0.000000 0.000000 1.000000
0.291022 0.733963 -0.613681 10.592400 -0.952022 0.158699 -0.261666 -0.524600 -0.094663 0.660389 0.744934 -2.232100 0.000000 0.000000 0.000000 1.000000</float_array><technique_common><accessor source="#mixamorig_LeftArm-Matrix-animation-output-transform-array" count="20" stride="16"><param type="float4x4"/></accessor></technique_common></source><source id="mixamorig_LeftArm-Interpolations"><Name_array id="mixamorig_LeftArm-Interpolations-array" count="20">
 LINEAR LINEAR LINEAR LINEAR LINEAR LINEAR LINEAR LINEAR LINEAR LINEAR LINEAR
LINEAR LINEAR LINEAR LINEAR LINEAR LINEAR LINEAR LINEAR LINEAR</Name_array><technique_common><accessor source="#mixamorig_LeftArm-Interpolations-array" count="20"><param type="name"/></accessor></technique_common></source><sampler id="mixamorig_LeftArm-Matrix-animation-transform"><input semantic="INPUT" source="#mixamorig_LeftArm-Matrix-animation-input"/><input semantic="OUTPUT" source="#mixamorig_LeftArm-Matrix-animation-output-transform"/><input semantic="INTERPOLATION" source="#mixamorig_LeftArm-Interpolations"/></sampler><channel source="#mixamorig_LeftArm-Matrix-animation-transform" target="mixamorig_LeftArm/matrix"/></animation>
    <animation id="mixamorig_LeftForeArm-anim" name="mixamorig_LeftForeArm"><source id="mixamorig_LeftForeArm-Matrix-animation-input"><float_array id="mixamorig_LeftForeArm-Matrix-animation-input-array" count="20">

0.000000 0.033333 0.066667 0.100000 0.133333 0.166667 0.200000 0.233333 0.266667 0.300000 0.333333 0.366667 0.400000 0.433333 0.466667 0.500000
0.533333 0.566667 0.600000 0.633333</float_array><technique_common><accessor source="#mixamorig_LeftForeArm-Matrix-animation-input-array" count="20"><param name="TIME" type="float"/></accessor></technique_common></source><source id="mixamorig_LeftForeArm-Matrix-animation-output-transform"><float_array id="mixamorig_LeftForeArm-Matrix-animation-output-transform-array" count="320">

0.832125 0.236586 -0.501593 27.841499 -0.175370 0.970283 0.166720 -0.000100 0.526131 -0.050767 0.848887 0.000000 0.000000 0.000000 0.000000 1.000000
0.833535 0.232469 -0.501176 27.841499 -0.189650 0.972437 0.135644 -0.000100 0.518895 -0.018016 0.854648 0.000000 0.000000 0.000000 0.000000 1.000000
0.829794 0.223627 -0.511305 27.841499 -0.200690 0.974485 0.100507 -0.000100 0.520735 0.019214 0.853502 0.000000 0.000000 0.000000 0.000000 1.000000
0.824720 0.210762 -0.524801 27.841499 -0.209448 0.975805 0.062741 -0.000100 0.525327 0.058175 0.848909 0.000000 0.000000 0.000000 0.000000 1.000000
0.821128 0.198835 -0.534989 27.841499 -0.212360 0.976491 0.036985 -0.000100 0.529766 0.083241 0.844049 -0.000000 0.000000 0.000000 0.000000 1.000000
0.818988 0.195231 -0.539576 27.841499 -0.205296 0.977791 0.042181 -0.000100 0.535828 0.076227 0.840879 0.000000 0.000000 0.000000 0.000000 1.000000
0.816995 0.203372 -0.539591 27.841499 -0.190191 0.978417 0.080797 -0.000100 0.544377 0.036615 0.838041 0.000000 0.000000 0.000000 0.000000 1.000000
