<?xml version="1.0" encoding="utf-8"?>
<COLLADA xmlns="http://www.collada.org/2005/11/COLLADASchema" version="1.4.1">
  <asset><contributor><author>Mixamo</author><authoring_tool>COLLADA Mixamo exporter</authoring_tool><comments></comments></contributor><created>2018-12-18T17:57:06Z</created><modified>2018-12-18T17:57:06Z</modified><revision></revision><title></title><unit meter="0.010000"/><up_axis>Y_UP</up_axis></asset>
  <library_animations>
    <animation id="mixamorig_Hips-anim" name="mixamorig_Hips"><source id="mixamorig_Hips-Matrix-animation-input"><float_array id="mixamorig_Hips-Matrix-animation-input-array" count="17">

0.000000 0.033333 0.066667 0.100000 0.133333 0.166667 0.200000 0.233333 0.266667 0.300000 0.333333 0.366667 0.400000 0.433333 0.466667 0.500000
0.533333</float_array><technique_common><accessor source="#mixamorig_Hips-Matrix-animation-input-array" count="17"><param name="TIME" type="float"/></accessor></technique_common></source><source id="mixamorig_Hips-Matrix-animation-output-transform"><float_array id="mixamorig_Hips-Matrix-animation-output-transform-array" count="272">

0.901539 0.049271 0.429884 -0.309759 0.124296 0.922134 -0.366359 89.426521 -0.414461 0.383720 0.825216 0.490646 0.000000 0.000000 0.000000 1.000000
0.903299 0.047393 0.426386 -0.091695 0.118942 0.927252 -0.355044 88.743698 -0.412194 0.371426 0.831949 -8.294214 0.000000 0.000000 0.000000 1.000000
0.899803 0.036417 0.434774 0.257478 0.122649 0.935213 -0.332166 88.746628 -0.418703 0.352209 0.837040 -17.179434 0.000000 0.000000 0.000000 1.000000
0.891758 0.016163 0.452223 0.822235 0.138438 0.941702 -0.306648 89.543907 -0.430816 0.336060 0.837533 -26.570284 0.000000 0.000000 0.000000 1.000000
0.883231 -0.007170 0.468883 1.689945 0.162358 0.942718 -0.291416 90.576485 -0.439934 0.333514 0.833802 -36.524139 0.000000 0.000000 0.000000 1.000000
0.884332 -0.020770 0.466396 2.735255 0.179751 0.937141 -0.299092 90.857529 -0.430866 0.348332 0.832478 -46.712627 0.000000 0.000000 0.000000 1.000000
0.900501 -0.017250 0.434511 3.662004 0.175330 0.928797 -0.326489 89.971512 -0.397941 0.370187 0.839407 -57.374805 0.000000 0.000000 0.000000 1.000000
0.921095 -0.002839 0.389328 4.103975 0.150093 0.925269 -0.348352 88.416145 -0.359244 0.379300 0.852687 -68.721642 0.000000 0.000000 0.000000 1.000000
0.932480 0.016403 0.360850 3.984856 0.118044 0.930284 -0.347329 87.064041 -0.341390 0.366473 0.865535 -80.453636 0.000000 0.000000 0.000000 1.000000
0.933362 0.039577 0.356749 3.585805 0.088798 0.937548 -0.336332 86.829300 -0.347780 0.345598 0.871556 -91.661331 0.000000 0.000000 0.000000 1.000000
0.931910 0.064639 0.356883 3.089417 0.063031 0.940154 -0.334869 88.000374 -0.357171 0.334563 0.872065 -101.970901 0.000000 0.000000 0.000000 1.000000
0.935574 0.088818 0.341779 2.440824 0.038787 0.936151 -0.349451 89.797134 -0.350995 0.340194 0.872394 -111.843163 0.000000 0.000000 0.000000 1.000000
0.939368 0.109576 0.324931 1.666930 0.023636 0.924626 -0.380142 91.026100 -0.342094 0.364773 0.865975 -121.860413 0.000000 0.000000 0.000000 1.000000
0.933473 0.123156 0.336838 1.018032 0.031515 0.907392 -0.419101 91.258705 -0.357260 0.401836 0.843145 -132.350769 0.000000 0.000000 0.000000 1.000000
0.917134 0.123324 0.379021 0.567360 0.062702 0.894448 -0.442755 90.921059 -0.393617 0.429831 0.812596 -143.370758 0.000000 0.000000 0.000000 1.000000
0.902254 0.101013 0.419207 0.152159 0.097946 0.898755 -0.427372 90.252167 -0.419934 0.426658 0.801011 -155.137451 0.000000 0.000000 0.000000 1.000000
0.901539 0.049270 0.429884 -0.309755 0.124297 0.922134 -0.366359 89.426514 -0.414461 0.383720 0.825215 -167.468857 0.000000 0.000000 0.000000 1.000000</float_array><technique_common><accessor source="#mixamorig_Hips-Matrix-animation-output-transform-array" count="17" stride="16"><param type="float4x4"/></accessor></technique_common></source><source id="mixamorig_Hips-Interpolations"><Name_array id="mixamorig_Hips-Interpolations-array" count="17">
 LINEAR LINEAR LINEAR LINEAR LINEAR LINEAR LINEAR LINEAR LINEAR LINEAR LINEAR
LINEAR LINEAR LINEAR LINEAR LINEAR LINEAR</Name_array><technique_common><accessor source="#mixamorig_Hips-Interpolations-array" count="17"><param type="name"/></accessor></technique_common></source><sampler id="mixamorig_Hips-Matrix-animation-transform"><input semantic="INPUT" source="#mixamorig_Hips-Matrix-animation-input"/><input semantic="OUTPUT" source="#mixamorig_Hips-Matrix-animation-output-transform"/><input semantic="INTERPOLATION" source="#mixamorig_Hips-Interpolations"/></sampler><channel source="#mixamorig_Hips-Matrix-animation-transform" target="mixamorig_Hips/matrix"/></animation>
    <animation id="mixamorig_Spine-anim" name="mixamorig_Spine"><source id="mixamorig_Spine-Matrix-animation-input"><float_array id="mixamorig_Spine-Matrix-animation-input-array" count="17">

0.000000 0.033333 0.066667 0.100000 0.133333 0.166667 0.200000 0.233333 0.266667 0.300000 0.333333 0.366667 0.400000 0.433333 0.466667 0.500000
0.533333</float_array><technique_common><accessor source="#mixamorig_Spine-Matrix-animation-input-array" count="17"><param name="TIME" type="float"/></accessor></technique_common></source><source id="mixamorig_Spine-Matrix-animation-output-transform"><float_array id="mixamorig_Spine-Matrix-animation-output-transform-array" count="272">

0.992763 -0.034776 0.114940 -0.000000 0.068754 0.949348 -0.306613 10.181600 -0.098456 0.312297 0.944869 0.131500 0.000000 0.000000 0.000000 1.000000
0.996203 -0.034255 0.080038 0.000000 0.057732 0.948059 -0.312811 10.181600 -0.065165 0.316244 0.946437 0.131500 0.000000 0.000000 0.000000 1.000000
0.998717 -0.031113 0.039949 -0.000000 0.042093 0.948657 -0.313492 10.181600 -0.028144 0.314771 0.948750 0.131500 0.000000 0.000000 0.000000 1.000000
0.999769 -0.021343 -0.002663 0.000000 0.019474 0.950805 -0.309178 10.181600 0.009131 0.309055 0.951000 0.131500 0.000000 0.000000 0.000000 1.000000
0.999259 -0.006440 -0.037959 0.000000 -0.005128 0.954873 -0.296969 10.181600 0.038159 0.296944 0.954132 0.131500 0.000000 0.000000 0.000000 1.000000
0.998915 0.004986 -0.046293 0.000000 -0.017485 0.961653 -0.273711 10.181600 0.043153 0.274224 0.960697 0.131500 0.000000 0.000000 0.000000 1.000000
0.999780 0.006394 -0.019984 0.000000 -0.011179 0.968329 -0.249426 10.181600 0.017756 0.249594 0.968188 0.131500 0.000000 0.000000 0.000000 1.000000
0.999773 -0.002198 0.021191 -0.000000 0.007355 0.969121 -0.246477 10.181600 -0.019995 0.246577 0.968917 0.131500 0.000000 0.000000 0.000000 1.000000
0.998206 -0.022140 0.055632 0.000000 0.036441 0.961870 -0.271067 10.181600 -0.047509 0.272608 0.960952 0.131500 0.000000 0.000000 0.000000 1.000000
0.995197 -0.048816 0.084852 0.000000 0.072161 0.951549 -0.298911 10.181600 -0.066149 0.303598 0.950501 0.131500 0.000000 0.000000 0.000000 1.000000
0.990264 -0.070846 0.119825 0.000000 0.104651 0.946506 -0.305246 10.181600 -0.091789 0.314814 0.944705 0.131500 0.000000 0.000000 0.000000 1.000000
0.983461 -0.080616 0.162190 -0.000000 0.125475 0.949032 -0.289127 10.181600 -0.130615 0.304696 0.943451 0.131500 0.000000 0.000000 0.000000 1.000000
0.977766 -0.077230 0.194960 0.000000 0.128152 0.955966 -0.264020 10.181600 -0.165985 0.283135 0.944608 0.131500 0.000000 0.000000 0.000000 1.000000
0.977477 -0.066545 0.200275 0.000000 0.115225 0.963337 -0.242291 10.181600 -0.176809 0.259910 0.949308 0.131500 0.000000 0.000000 0.000000 1.000000
0.981954 -0.057703 0.180102 0.000000 0.099820 0.966997 -0.234421 10.181600 -0.160631 0.248169 0.955306 0.131500 0.000000 0.000000 0.000000 1.000000
0.987433 -0.050398 0.149787 -0.000000 0.087606 0.963394 -0.253373 10.181600 -0.131534 0.263311 0.955702 0.131500 0.000000 0.000000 0.000000 1.000000
0.992764 -0.034776 0.114940 0.000000 0.068754 0.949348 -0.306612 10.181600 -0.098456 0.312296 0.944869 0.131500 0.000000 0.000000 0.000000 1.000000</float_array><technique_common><accessor source="#mixamorig_Spine-Matrix-animation-output-transform-array" count="17" stride="16"><param type="float4x4"/></accessor></technique_common></source><source id="mixamorig_Spine-Interpolations"><Name_array id="mixamorig_Spine-Interpolations-array" count="17">
 LINEAR LINEAR LINEAR LINEAR LINEAR LINEAR LINEAR LINEAR LINEAR LINEAR LINEAR
LINEAR LINEAR LINEAR LINEAR LINEAR LINEAR</Name_array><technique_common><accessor source="#mixamorig_Spine-Interpolations-array" count="17"><param type="name"/></accessor></technique_common></source><sampler id="mixamorig_Spine-Matrix-animation-transform"><input semantic="INPUT" source="#mixamorig_Spine-Matrix-animation-input"/><input semantic="OUTPUT" source="#mixamorig_Spine-Matrix-animation-output-transform"/><input semantic="INTERPOLATION" source="#mixamorig_Spine-Interpolations"/></sampler><channel source="#mixamorig_Spine-Matrix-animation-transform" target="mixamorig_Spine/matrix"/></animation>
    <animation id="mixamorig_Spine1-anim" name="mixamorig_Spine1"><source id="mixamorig_Spine1-Matrix-animation-input"><float_array id="mixamorig_Spine1-Matrix-animation-input-array" count="17">

0.000000 0.033333 0.066667 0.100000 0.133333 0.166667 0.200000 0.233333 0.266667 0.300000 0.333333 0.366667 0.400000 0.433333 0.466667 0.500000
0.533333</float_array><technique_common><accessor source="#mixamorig_Spine1-Matrix-animation-input-array" count="17"><param name="TIME" type="float"/></accessor></technique_common></source><source id="mixamorig_Spine1-Matrix-animation-output-transform"><float_array id="mixamorig_Spine1-Matrix-animation-output-transform-array" count="272">

0.999629 0.001944 0.027184 0.000000 0.001087 0.993816 -0.111030 10.083500 -0.027231 0.111019 0.993445 -1.000800 0.000000 0.000000 0.000000 1.000000
0.999763 0.000163 0.021769 -0.000000 0.002219 0.993998 -0.109377 10.083500 -0.021656 0.109400 0.993762 -1.000800 0.000000 0.000000 0.000000 1.000000
0.999918 0.000794 0.012751 -0.000000 0.000574 0.994268 -0.106914 10.083500 -0.012763 0.106913 0.994187 -1.000800 0.000000 0.000000 0.000000 1.000000
0.999982 0.003099 0.005077 0.000000 -0.002554 0.994569 -0.104045 10.083500 -0.005372 0.104030 0.994560 -1.000800 0.000000 0.000000 0.000000 1.000000
0.999976 0.006348 0.002943 0.000000 -0.006028 0.995143 -0.098251 10.083500 -0.003553 0.098231 0.995157 -1.000800 0.000000 0.000000 0.000000 1.000000
0.999936 0.009039 0.006771 0.000000 -0.008413 0.996136 -0.087421 10.083500 -0.007535 0.087358 0.996148 -1.000800 0.000000 0.000000 0.000000 1.000000
0.999867 0.009129 0.013486 0.000000 -0.008057 0.996958 -0.077519 10.083500 -0.014153 0.077400 0.996900 -1.000800 0.000000 0.000000 0.000000 1.000000
0.999806 0.005512 0.018913 0.000000 -0.003996 0.996845 -0.079271 10.083500 -0.019290 0.079180 0.996674 -1.000800 0.000000 0.000000 0.000000 1.000000
0.999781 -0.000729 0.020918 -0.000000 0.002660 0.995715 -0.092432 10.083500 -0.020761 0.092468 0.995499 -1.000800 0.000000 0.000000 0.000000 1.000000
0.999750 -0.006093 0.021494 0.000000 0.008301 0.994525 -0.104168 10.083500 -0.020741 0.104320 0.994327 -1.000800 0.000000 0.000000 0.000000 1.000000
0.999674 -0.008018 0.024239 0.000000 0.010551 0.994281 -0.106271 10.083500 -0.023248 0.106493 0.994042 -1.000800 0.000000 0.000000 0.000000 1.000000
0.999549 -0.006732 0.029253 0.000000 0.009664 0.994811 -0.101279 10.083500 -0.028419 0.101517 0.994428 -1.000800 0.000000 0.000000 0.000000 1.000000
0.999449 -0.003488 0.033017 0.000000 0.006544 0.995654 -0.092894 10.083500 -0.032549 0.093059 0.995128 -1.000800 0.000000 0.000000 0.000000 1.000000
0.999446 -0.000129 0.033295 0.000000 0.002916 0.996489 -0.083672 10.083500 -0.033167 0.083722 0.995937 -1.000800 0.000000 0.000000 0.000000 1.000000
0.999509 0.001082 0.031324 0.000000 0.001428 0.996793 -0.080007 10.083500 -0.031310 0.080013 0.996302 -1.000800 0.000000 0.000000 0.000000 1.000000
0.999576 0.000705 0.029104 0.000000 0.001884 0.996043 -0.088856 10.083500 -0.029052 0.088874 0.995619 -1.000800 0.000000 0.000000 0.000000 1.000000
0.999629 0.001944 0.027184 0.000000 0.001087 0.993816 -0.111030 10.083500 -0.027231 0.111019 0.993445 -1.000800 0.000000 0.000000 0.000000 1.000000</float_array><technique_common><accessor source="#mixamorig_Spine1-Matrix-animation-output-transform-array" count="17" stride="16"><param type="float4x4"/></accessor></technique_common></source><source id="mixamorig_Spine1-Interpolations"><Name_array id="mixamorig_Spine1-Interpolations-array" count="17">
 LINEAR LINEAR LINEAR LINEAR LINEAR LINEAR LINEAR LINEAR LINEAR LINEAR LINEAR
LINEAR LINEAR LINEAR LINEAR LINEAR LINEAR</Name_array><technique_common><accessor source="#mixamorig_Spine1-Interpolations-array" count="17"><param type="name"/></accessor></technique_common></source><sampler id="mixamorig_Spine1-Matrix-animation-transform"><input semantic="INPUT" source="#mixamorig_Spine1-Matrix-animation-input"/><input semantic="OUTPUT" source="#mixamorig_Spine1-Matrix-animation-output-transform"/><input semantic="INTERPOLATION" source="#mixamorig_Spine1-Interpolations"/></sampler><channel source="#mixamorig_Spine1-Matrix-animation-transform" target="mixamorig_Spine1/matrix"/></animation>
    <animation id="mixamorig_Spine2-anim" name="mixamorig_Spine2"><source id="mixamorig_Spine2-Matrix-animation-input"><float_array id="mixamorig_Spine2-Matrix-animation-input-array" count="17">

0.000000 0.033333 0.066667 0.100000 0.133333 0.166667 0.200000 0.233333 0.266667 0.300000 0.333333 0.366667 0.400000 0.433333 0.466667 0.500000
0.533333</float_array><technique_common><accessor source="#mixamorig_Spine2-Matrix-animation-input-array" count="17"><param name="TIME" type="float"/></accessor></technique_common></source><source id="mixamorig_Spine2-Matrix-animation-output-transform"><float_array id="mixamorig_Spine2-Matrix-animation-output-transform-array" count="272">

0.999706 0.000735 0.024225 -0.000000 0.001971 0.993762 -0.111506 9.100000 -0.024155 0.111521 0.993468 -1.373400 0.000000 0.000000 0.000000 1.000000
0.999830 -0.000898 0.018400 0.000000 0.002913 0.993950 -0.109795 9.100000 -0.018190 0.109830 0.993784 -1.373400 0.000000 0.000000 0.000000 1.000000
0.999957 -0.000039 0.009305 0.000000 0.001036 0.994241 -0.107163 9.100000 -0.009247 0.107168 0.994198 -1.373400 0.000000 0.000000 0.000000 1.000000
0.999996 0.002427 0.001637 0.000000 -0.002243 0.994561 -0.104132 9.100000 -0.001880 0.104128 0.994562 -1.373400 0.000000 0.000000 0.000000 1.000000
0.999983 0.005736 -0.000478 -0.000000 -0.005755 0.995140 -0.098301 9.100000 -0.000088 0.098302 0.995157 -1.373400 0.000000 0.000000 0.000000 1.000000
0.999958 0.008462 0.003534 0.000000 -0.008120 0.996124 -0.087582 9.100000 -0.004261 0.087550 0.996151 -1.373400 0.000000 0.000000 0.000000 1.000000
0.999908 0.008563 0.010558 0.000000 -0.007716 0.996935 -0.077855 9.100000 -0.011192 0.077767 0.996909 -1.373400 0.000000 0.000000 0.000000 1.000000
0.999858 0.004849 0.016113 0.000000 -0.003549 0.996812 -0.079709 9.100000 -0.016448 0.079641 0.996688 -1.373400 0.000000 0.000000 0.000000 1.000000
0.999835 -0.001534 0.018125 0.000000 0.003211 0.995676 -0.092837 9.100000 -0.017904 0.092880 0.995516 -1.373400 0.000000 0.000000 0.000000 1.000000
0.999798 -0.006946 0.018875 0.000000 0.008882 0.994487 -0.104486 9.100000 -0.018045 0.104633 0.994347 -1.373400 0.000000 0.000000 0.000000 1.000000
0.999721 -0.008866 0.021875 0.000000 0.011149 0.994241 -0.106583 9.100000 -0.020804 0.106797 0.994063 -1.373400 0.000000 0.000000 0.000000 1.000000
0.999606 -0.007612 0.027010 0.000000 0.010322 0.994763 -0.101685 9.100000 -0.026094 0.101924 0.994450 -1.373400 0.000000 0.000000 0.000000 1.000000
0.999515 -0.004365 0.030828 0.000000 0.007229 0.995601 -0.093419 9.100000 -0.030284 0.093596 0.995150 -1.373400 0.000000 0.000000 0.000000 1.000000
0.999511 -0.000908 0.031240 0.000000 0.003538 0.996437 -0.084263 9.100000 -0.031053 0.084332 0.995954 -1.373400 0.000000 0.000000 0.000000 1.000000
0.999567 0.000367 0.029436 0.000000 0.002007 0.996746 -0.080579 9.100000 -0.029370 0.080603 0.996313 -1.373400 0.000000 0.000000 0.000000 1.000000
0.999634 -0.000146 0.027065 0.000000 0.002565 0.995996 -0.089360 9.100000 -0.026943 0.089397 0.995632 -1.373400 0.000000 0.000000 0.000000 1.000000
0.999706 0.000735 0.024225 0.000000 0.001971 0.993762 -0.111506 9.100000 -0.024155 0.111521 0.993468 -1.373400 0.000000 0.000000 0.000000 1.000000</float_array><technique_common><accessor source="#mixamorig_Spine2-Matrix-animation-output-transform-array" count="17" stride="16"><param type="float4x4"/></accessor></technique_common></source><source id="mixamorig_Spine2-Interpolations"><Name_array id="mixamorig_Spine2-Interpolations-array" count="17">
 LINEAR LINEAR LINEAR LINEAR LINEAR LINEAR LINEAR LINEAR LINEAR LINEAR LINEAR
LINEAR LINEAR LINEAR LINEAR LINEAR LINEAR</Name_array><technique_common><accessor source="#mixamorig_Spine2-Interpolations-array" count="17"><param type="name"/></accessor></technique_common></source><sampler id="mixamorig_Spine2-Matrix-animation-transform"><input semantic="INPUT" source="#mixamorig_Spine2-Matrix-animation-input"/><input semantic="OUTPUT" source="#mixamorig_Spine2-Matrix-animation-output-transform"/><input semantic="INTERPOLATION" source="#mixamorig_Spine2-Interpolations"/></sampler><channel source="#mixamorig_Spine2-Matrix-animation-transform" target="mixamorig_Spine2/matrix"/></animation>
    <animation id="mixamorig_Neck-anim" name="mixamorig_Neck"><source id="mixamorig_Neck-Matrix-animation-input"><float_array id="mixamorig_Neck-Matrix-animation-input-array" count="17">

0.000000 0.033333 0.066667 0.100000 0.133333 0.166667 0.200000 0.233333 0.266667 0.300000 0.333333 0.366667 0.400000 0.433333 0.466667 0.500000
0.533333</float_array><technique_common><accessor source="#mixamorig_Neck-Matrix-animation-input-array" count="17"><param name="TIME" type="float"/></accessor></technique_common></source><source id="mixamorig_Neck-Matrix-animation-output-transform"><float_array id="mixamorig_Neck-Matrix-animation-output-transform-array" count="272">

0.939489 0.044705 -0.339649 0.000000 0.006012 0.989145 0.146822 16.671700 0.342525 -0.139980 0.929022 -2.516200 0.000000 0.000000 0.000000 1.000000
0.946854 0.020702 -0.320996 0.000000 0.024616 0.990337 0.136482 16.671700 0.320720 -0.137130 0.937195 -2.516200 0.000000 0.000000 0.000000 1.000000
0.950375 -0.009485 -0.310961 0.000000 0.040334 0.994856 0.092924 16.671700 0.308480 -0.100855 0.945869 -2.516200 0.000000 0.000000 0.000000 1.000000
0.951139 -0.039062 -0.306282 -0.000000 0.047692 0.998647 0.020740 16.671700 0.305058 -0.034334 0.951715 -2.516200 0.000000 0.000000 0.000000 1.000000
0.950670 -0.060348 -0.304277 0.000000 0.046030 0.997478 -0.054020 16.671700 0.306769 0.037350 0.951051 -2.516200 0.000000 0.000000 0.000000 1.000000
0.950781 -0.060031 -0.303993 -0.000000 0.033313 0.995171 -0.092330 16.671700 0.308068 0.077659 0.948189 -2.516200 0.000000 0.000000 0.000000 1.000000
0.952204 -0.033020 -0.303672 0.000000 0.010452 0.997080 -0.075647 16.671700 0.305283 0.068858 0.949769 -2.516200 0.000000 0.000000 0.000000 1.000000
0.953521 0.006487 -0.301258 0.000000 -0.012666 0.999747 -0.018562 16.671700 0.301061 0.021515 0.953362 -2.516200 0.000000 0.000000 0.000000 1.000000
0.953068 0.036547 -0.300543 0.000000 -0.024337 0.998723 0.044272 16.671700 0.301777 -0.034880 0.952740 -2.516200 0.000000 0.000000 0.000000 1.000000
0.950293 0.047404 -0.307727 0.000000 -0.024735 0.996712 0.077154 16.671700 0.310372 -0.065708 0.948341 -2.516200 0.000000 0.000000 0.000000 1.000000
0.945761 0.048224 -0.321263 -0.000000 -0.030461 0.997728 0.060091 16.671700 0.323431 -0.047046 0.945082 -2.516200 0.000000 0.000000 0.000000 1.000000
0.941261 0.047237 -0.334360 0.000000 -0.046194 0.998871 0.011078 16.671700 0.334506 0.005018 0.942380 -2.516200 0.000000 0.000000 0.000000 1.000000
0.937723 0.037625 -0.345340 0.000000 -0.044246 0.998957 -0.011306 16.671700 0.344554 0.025882 0.938410 -2.516200 0.000000 0.000000 0.000000 1.000000
0.933806 0.019364 -0.357256 0.000000 -0.006616 0.999298 0.036869 16.671700 0.357719 -0.032065 0.933279 -2.516200 0.000000 0.000000 0.000000 1.000000
0.930130 0.009338 -0.367110 0.000000 0.038588 0.991657 0.122994 16.671700 0.365196 -0.128566 0.922010 -2.516200 0.000000 0.000000 0.000000 1.000000
0.931166 0.019198 -0.364089 0.000000 0.047494 0.983717 0.173337 16.671700 0.361488 -0.178697 0.915092 -2.516200 0.000000 0.000000 0.000000 1.000000
0.939489 0.044705 -0.339649 0.000000 0.006012 0.989145 0.146822 16.671700 0.342525 -0.139979 0.929022 -2.516200 0.000000 0.000000 0.000000 1.000000</float_array><technique_common><accessor source="#mixamorig_Neck-Matrix-animation-output-transform-array" count="17" stride="16"><param type="float4x4"/></accessor></technique_common></source><source id="mixamorig_Neck-Interpolations"><Name_array id="mixamorig_Neck-Interpolations-array" count="17">
 LINEAR LINEAR LINEAR LINEAR LINEAR LINEAR LINEAR LINEAR LINEAR LINEAR LINEAR
LINEAR LINEAR LINEAR LINEAR LINEAR LINEAR</Name_array><technique_common><accessor source="#mixamorig_Neck-Interpolations-array" count="17"><param type="name"/></accessor></technique_common></source><sampler id="mixamorig_Neck-Matrix-animation-transform"><input semantic="INPUT" source="#mixamorig_Neck-Matrix-animation-input"/><input semantic="OUTPUT" source="#mixamorig_Neck-Matrix-animation-output-transform"/><input semantic="INTERPOLATION" source="#mixamorig_Neck-Interpolations"/></sampler><channel source="#mixamorig_Neck-Matrix-animation-transform" target="mixamorig_Neck/matrix"/></animation>
    <animation id="mixamorig_Head-anim" name="mixamorig_Head"><source id="mixamorig_Head-Matrix-animation-input"><float_array id="mixamorig_Head-Matrix-animation-input-array" count="17">

0.000000 0.033333 0.066667 0.100000 0.133333 0.166667 0.200000 0.233333 0.266667 0.300000 0.333333 0.366667 0.400000 0.433333 0.466667 0.500000
0.533333</float_array><technique_common><accessor source="#mixamorig_Head-Matrix-animation-input-array" count="17"><param name="TIME" type="float"/></accessor></technique_common></source><source id="mixamorig_Head-Matrix-animation-output-transform"><float_array id="mixamorig_Head-Matrix-animation-output-transform-array" count="272">

0.950991 -0.042515 -0.306282 0.000000 0.132861 0.950592 0.280575 9.617900 0.279221 -0.307517 0.909653 1.685000 0.000000 0.000000 0.000000 1.000000
0.959562 -0.044233 -0.277999 0.000000 0.126098 0.950492 0.284014 9.617900 0.251673 -0.307585 0.917634 1.685000 0.000000 0.000000 0.000000 1.000000
0.965719 -0.041678 -0.256221 -0.000000 0.117813 0.949890 0.289533 9.617900 0.231314 -0.309793 0.922237 1.685000 0.000000 0.000000 0.000000 1.000000
0.969387 -0.037576 -0.242644 0.000000 0.113459 0.944939 0.306948 9.617900 0.217750 -0.325081 0.920276 1.685000 0.000000 0.000000 0.000000 1.000000
0.970698 -0.035263 -0.237703 0.000000 0.113616 0.938978 0.324671 9.617900 0.211748 -0.342165 0.915470 1.685000 0.000000 0.000000 0.000000 1.000000
0.969565 -0.037258 -0.241982 0.000000 0.115822 0.940565 0.319254 9.617900 0.215705 -0.337564 0.916254 1.685000 0.000000 0.000000 0.000000 1.000000
0.966342 -0.045879 -0.253137 0.000000 0.122615 0.947155 0.296418 9.617900 0.226161 -0.317479 0.920901 1.685000 0.000000 0.000000 0.000000 1.000000
0.962400 -0.060039 -0.264920 0.000000 0.137710 0.948490 0.285313 9.617900 0.234144 -0.311067 0.921094 1.685000 0.000000 0.000000 0.000000 1.000000
0.958828 -0.072678 -0.274531 0.000000 0.155439 0.943345 0.293152 9.617900 0.237672 -0.323756 0.915803 1.685000 0.000000 0.000000 0.000000 1.000000
0.954911 -0.079237 -0.286123 0.000000 0.168266 0.938441 0.301687 9.617900 0.244605 -0.336229 0.909460 1.685000 0.000000 0.000000 0.000000 1.000000
0.948738 -0.085275 -0.304343 -0.000000 0.181554 0.935240 0.303917 9.617900 0.258717 -0.343592 0.902779 1.685000 0.000000 0.000000 0.000000 1.000000
0.941265 -0.093176 -0.324560 -0.000000 0.197750 0.931214 0.306163 9.617900 0.273707 -0.352362 0.894944 1.685000 0.000000 0.000000 0.000000 1.000000
0.937843 -0.089860 -0.335226 0.000000 0.195869 0.934416 0.297493 9.617900 0.286508 -0.344662 0.893936 1.685000 0.000000 0.000000 0.000000 1.000000
0.940200 -0.066869 -0.333994 0.000000 0.159870 0.952461 0.259345 9.617900 0.300774 -0.297232 0.906194 1.685000 0.000000 0.000000 0.000000 1.000000
0.943973 -0.038222 -0.327802 0.000000 0.113542 0.970249 0.213835 9.617900 0.309876 -0.239073 0.920229 1.685000 0.000000 0.000000 0.000000 1.000000
0.947153 -0.026648 -0.319674 0.000000 0.099184 0.972040 0.212841 9.617900 0.305065 -0.233300 0.923313 1.685000 0.000000 0.000000 0.000000 1.000000
0.950991 -0.042515 -0.306282 0.000000 0.132861 0.950592 0.280575 9.617900 0.279221 -0.307518 0.909653 1.685000 0.000000 0.000000 0.000000 1.000000</float_array><technique_common><accessor source="#mixamorig_Head-Matrix-animation-output-transform-array" count="17" stride="16"><param type="float4x4"/></accessor></technique_common></source><source id="mixamorig_Head-Interpolations"><Name_array id="mixamorig_Head-Interpolations-array" count="17">
 LINEAR LINEAR LINEAR LINEAR LINEAR LINEAR LINEAR LINEAR LINEAR LINEAR LINEAR
LINEAR LINEAR LINEAR LINEAR LINEAR LINEAR</Name_array><technique_common><accessor source="#mixamorig_Head-Interpolations-array" count="17"><param type="name"/></accessor></technique_common></source><sampler id="mixamorig_Head-Matrix-animation-transform"><input semantic="INPUT" source="#mixamorig_Head-Matrix-animation-input"/><input semantic="OUTPUT" source="#mixamorig_Head-Matrix-animation-output-transform"/><input semantic="INTERPOLATION" source="#mixamorig_Head-Interpolations"/></sampler><channel source="#mixamorig_Head-Matrix-animation-transform" target="mixamorig_Head/matrix"/></animation>
    <animation id="mixamorig_LeftShoulder-anim" name="mixamorig_LeftShoulder"><source id="mixamorig_LeftShoulder-Matrix-animation-input"><float_array id="mixamorig_LeftShoulder-Matrix-animation-input-array" count="17">

0.000000 0.033333 0.066667 0.100000 0.133333 0.166667 0.200000 0.233333 0.266667 0.300000 0.333333 0.366667 0.400000 0.433333 0.466667 0.500000
0.533333</float_array><technique_common><accessor source="#mixamorig_LeftShoulder-Matrix-animation-input-array" count="17"><param name="TIME" type="float"/></accessor></technique_common></source><source id="mixamorig_LeftShoulder-Matrix-animation-output-transform"><float_array id="mixamorig_LeftShoulder-Matrix-animation-output-transform-array" count="272">

0.947388 -0.001034 0.320086 4.570400 0.034834 0.994389 -0.099887 10.946000 -0.318186 0.105781 0.942108 -2.628000 0.000000 0.000000 0.000000 1.000000
0.945107 0.002274 0.326754 4.570400 0.032454 0.994378 -0.100789 10.946000 -0.325147 0.105861 0.939720 -2.628000 0.000000 0.000000 0.000000 1.000000
0.946243 0.001200 0.323455 4.570400 0.033102 0.994383 -0.100527 10.946000 -0.321759 0.105830 0.940888 -2.628000 0.000000 0.000000 0.000000 1.000000
0.949838 -0.001224 0.312738 4.570400 0.034257 0.994382 -0.100152 10.946000 -0.310859 0.105841 0.944545 -2.628000 0.000000 0.000000 0.000000 1.000000
0.953566 0.002090 0.301176 4.570400 0.030015 0.994339 -0.101931 10.946000 -0.299684 0.106238 0.948105 -2.628000 0.000000 0.000000 0.000000 1.000000
0.955244 0.014738 0.295451 4.570400 0.017658 0.994136 -0.106681 10.946000 -0.295291 0.107124 0.949383 -2.628000 0.000000 0.000000 0.000000 1.000000
0.953969 0.028238 0.298573 4.570400 0.005445 0.993763 -0.111382 10.946000 -0.299856 0.107881 0.947865 -2.628000 0.000000 0.000000 0.000000 1.000000
0.950802 0.028830 0.308453 4.570400 0.005986 0.993765 -0.111335 10.946000 -0.309740 0.107704 0.944702 -2.628000 0.000000 0.000000 0.000000 1.000000
0.947956 0.015351 0.318032 4.570400 0.019477 0.994171 -0.106042 10.946000 -0.317806 0.106717 0.942131 -2.628000 0.000000 0.000000 0.000000 1.000000
0.947011 0.003004 0.321187 4.570400 0.031203 0.994366 -0.101303 10.946000 -0.319682 0.105957 0.941582 -2.628000 0.000000 0.000000 0.000000 1.000000
0.947950 0.004600 0.318385 4.570400 0.029454 0.994342 -0.102059 10.946000 -0.317053 0.106125 0.942452 -2.628000 0.000000 0.000000 0.000000 1.000000
0.948884 0.016378 0.315200 4.570400 0.018237 0.994139 -0.106559 10.946000 -0.315098 0.106860 0.943024 -2.628000 0.000000 0.000000 0.000000 1.000000
0.948139 0.027445 0.316670 4.570400 0.008164 0.993834 -0.110578 10.946000 -0.317752 0.107429 0.942068 -2.628000 0.000000 0.000000 0.000000 1.000000
0.946363 0.032701 0.321445 4.570400 0.003838 0.993657 -0.112384 10.946000 -0.323081 0.107590 0.940236 -2.628000 0.000000 0.000000 0.000000 1.000000
0.945584 0.030674 0.323928 4.570400 0.005979 0.993740 -0.111554 10.946000 -0.325323 0.107420 0.939482 -2.628000 0.000000 0.000000 0.000000 1.000000
0.946503 0.019603 0.322100 4.570400 0.015986 0.994079 -0.107475 10.946000 -0.322300 0.106874 0.940585 -2.628000 0.000000 0.000000 0.000000 1.000000
0.947388 -0.001034 0.320086 4.570400 0.034834 0.994389 -0.099887 10.946000 -0.318187 0.105782 0.942108 -2.628000 0.000000 0.000000 0.000000 1.000000</float_array><technique_common><accessor source="#mixamorig_LeftShoulder-Matrix-animation-output-transform-array" count="17" stride="16"><param type="float4x4"/></accessor></technique_common></source><source id="mixamorig_LeftShoulder-Interpolations"><Name_array id="mixamorig_LeftShoulder-Interpolations-array" count="17">
 LINEAR LINEAR LINEAR LINEAR LINEAR LINEAR LINEAR LINEAR LINEAR LINEAR LINEAR
LINEAR LINEAR LINEAR LINEAR LINEAR LINEAR</Name_array><technique_common><accessor source="#mixamorig_LeftShoulder-Interpolations-array" count="17"><param type="name"/></accessor></technique_common></source><sampler id="mixamorig_LeftShoulder-Matrix-animation-transform"><input semantic="INPUT" source="#mixamorig_LeftShoulder-Matrix-animation-input"/><input semantic="OUTPUT" source="#mixamorig_LeftShoulder-Matrix-animation-output-transform"/><input semantic="INTERPOLATION" source="#mixamorig_LeftShoulder-Interpolations"/></sampler><channel source="#mixamorig_LeftShoulder-Matrix-animation-transform" target="mixamorig_LeftShoulder/matrix"/></animation>
    <animation id="mixamorig_LeftArm-anim" name="mixamorig_LeftArm"><source id="mixamorig_LeftArm-Matrix-animation-input"><float_array id="mixamorig_LeftArm-Matrix-animation-input-array" count="17">

0.000000 0.033333 0.066667 0.100000 0.133333 0.166667 0.200000 0.233333 0.266667 0.300000 0.333333 0.366667 0.400000 0.433333 0.466667 0.500000
0.533333</float_array><technique_common><accessor source="#mixamorig_LeftArm-Matrix-animation-input-array" count="17"><param name="TIME" type="float"/></accessor></technique_common></source><source id="mixamorig_LeftArm-Matrix-animation-output-transform"><float_array id="mixamorig_LeftArm-Matrix-animation-output-transform-array" count="272">

0.527773 0.665138 -0.528249 10.592400 -0.612681 -0.132625 -0.779123 -0.524600 -0.588283 0.734848 0.337521 -2.232100 0.000000 0.000000 0.000000 1.000000
0.534842 0.636842 -0.555316 10.592400 -0.634430 -0.131400 -0.761730 -0.524600 -0.558070 0.759714 0.333754 -2.232100 0.000000 0.000000 0.000000 1.000000
0.538570 0.611211 -0.579969 10.592400 -0.647661 -0.139987 -0.748959 -0.524600 -0.538960 0.778990 0.320464 -2.232100 0.000000 0.000000 0.000000 1.000000
0.548195 0.584318 -0.598377 10.592400 -0.650859 -0.151258 -0.743979 -0.524600 -0.525229 0.797304 0.297390 -2.232100 0.000000 0.000000 0.000000 1.000000
0.570138 0.557227 -0.603689 10.592400 -0.644271 -0.152687 -0.749401 -0.524600 -0.509762 0.816201 0.271953 -2.232100 0.000000 0.000000 0.000000 1.000000
0.598519 0.542600 -0.589372 10.592400 -0.629785 -0.136005 -0.764771 -0.524600 -0.495122 0.828908 0.260320 -2.232100 0.000000 0.000000 0.000000 1.000000
0.614446 0.557261 -0.558495 10.592400 -0.613523 -0.107568 -0.782316 -0.524600 -0.496030 0.823341 0.275798 -2.232100 0.000000 0.000000 0.000000 1.000000
0.601988 0.598294 -0.528824 10.592400 -0.607902 -0.086030 -0.789338 -0.524600 -0.517750 0.796645 0.311915 -2.232100 0.000000 0.000000 0.000000 1.000000
0.567749 0.637591 -0.520710 10.592400 -0.620902 -0.083646 -0.779413 -0.524600 -0.540502 0.765821 0.348392 -2.232100 0.000000 0.000000 0.000000 1.000000
0.534078 0.654187 -0.535537 10.592400 -0.644720 -0.094615 -0.758541 -0.524600 -0.546897 0.750392 0.371235 -2.232100 0.000000 0.000000 0.000000 1.000000
0.509906 0.658314 -0.553732 10.592400 -0.665497 -0.105992 -0.738836 -0.524600 -0.545078 0.745244 0.384060 -2.232100 0.000000 0.000000 0.000000 1.000000
0.491981 0.667516 -0.558907 10.592400 -0.675874 -0.111815 -0.728486 -0.524600 -0.548770 0.736152 0.396146 -2.232100 0.000000 0.000000 0.000000 1.000000
0.488093 0.673963 -0.554562 10.592400 -0.673302 -0.113549 -0.730597 -0.524600 -0.555365 0.729987 0.398358 -2.232100 0.000000 0.000000 0.000000 1.000000
0.510430 0.660332 -0.550839 10.592400 -0.656756 -0.114147 -0.745414 -0.524600 -0.555097 0.742248 0.375413 -2.232100 0.000000 0.000000 0.000000 1.000000
0.544942 0.636846 -0.545404 10.592400 -0.631634 -0.115994 -0.766541 -0.524600 -0.551432 0.762216 0.339043 -2.232100 0.000000 0.000000 0.000000 1.000000
0.557872 0.634317 -0.535183 10.592400 -0.612074 -0.121038 -0.781482 -0.524600 -0.560485 0.763539 0.320725 -2.232100 0.000000 0.000000 0.000000 1.000000
0.527773 0.665138 -0.528249 10.592400 -0.612681 -0.132626 -0.779123 -0.524600 -0.588284 0.734848 0.337521 -2.232100 0.000000 0.000000 0.000000 1.000000</float_array><technique_common><accessor source="#mixamorig_LeftArm-Matrix-animation-output-transform-array" count="17" stride="16"><param type="float4x4"/></accessor></technique_common></source><source id="mixamorig_LeftArm-Interpolations"><Name_array id="mixamorig_LeftArm-Interpolations-array" count="17">
 LINEAR LINEAR LINEAR LINEAR LINEAR LINEAR LINEAR LINEAR LINEAR LINEAR LINEAR
LINEAR LINEAR LINEAR LINEAR LINEAR LINEAR</Name_array><technique_common><accessor source="#mixamorig_LeftArm-Interpolations-array" count="17"><param type="name"/></accessor></technique_common></source><sampler id="mixamorig_LeftArm-Matrix-animation-transform"><input semantic="INPUT" source="#mixamorig_LeftArm-Matrix-animation-input"/><input semantic="OUTPUT" source="#mixamorig_LeftArm-Matrix-animation-output-transform"/><input semantic="INTERPOLATION" source="#mixamorig_LeftArm-Interpolations"/></sampler><channel source="#mixamorig_LeftArm-Matrix-animation-transform" target="mixamorig_LeftArm/matrix"/></animation>
    <animation id="mixamorig_LeftForeArm-anim" name="mixamorig_LeftForeArm"><source id="mixamorig_LeftForeArm-Matrix-animation-input"><float_array id="mixamorig_LeftForeArm-Matrix-animation-input-array" count="17">

0.000000 0.033333 0.066667 0.100000 0.133333 0.166667 0.200000 0.233333 0.266667 0.300000 0.333333 0.366667 0.400000 0.433333 0.466667 0.500000
0.533333</float_array><technique_common><accessor source="#mixamorig_LeftForeArm-Matrix-animation-input-array" count="17"><param name="TIME" type="float"/></accessor></technique_common></source><source id="mixamorig_LeftForeArm-Matrix-animation-output-transform"><float_array id="mixamorig_LeftForeArm-Matrix-animation-output-transform-array" count="272">

0.854392 -0.491318 -0.169176 27.841499 0.153069 0.549094 -0.821624 -0.000100 0.496573 0.676093 0.544347 0.000000 0.000000 0.000000 0.000000 1.000000
0.854313 -0.494522 -0.159992 27.841499 0.160134 0.543274 -0.824143 -0.000100 0.494476 0.678455 0.543316 0.000000 0.000000 0.000000 0.000000 1.000000
0.851100 -0.504565 -0.145063 27.841499 0.173537 0.531150 -0.829316 -0.000100 0.495494 0.680656 0.539623 0.000000 0.000000 0.000000 0.000000 1.000000
0.843953 -0.518406 -0.137836 27.841499 0.186274 0.524193 -0.830978 -0.000100 0.503036 0.675631 0.538960 -0.000000 0.000000 0.000000 0.000000 1.000000
0.838172 -0.526812 -0.141199 27.841499 0.190839 0.525802 -0.828923 -0.000100 0.510929 0.667834 0.541248 0.000000 0.000000 0.000000 0.000000 1.000000
0.842343 -0.518719 -0.146248 27.841499 0.183637 0.531371 -0.826996 -0.000100 0.506690 0.669758 0.542853 -0.000000 0.000000 0.000000 0.000000 1.000000
0.859510 -0.489847 -0.145918 27.841499 0.165949 0.537471 -0.826792 -0.000100 0.483428 0.686421 0.543252 0.000000 0.000000 0.000000 0.000000 1.000000
0.883340 -0.446760 -0.141831 27.841499 0.143394 0.545640 -0.825661 -0.000100 0.446260 0.709001 0.546048 -0.000000 0.000000 0.000000 0.000000 1.000000
0.901716 -0.407862 -0.143374 27.841499 0.122948 0.559863 -0.819413 -0.000100 0.414478 0.721250 0.554983 0.000000 0.000000 0.000000 0.000000 1.000000
0.906880 -0.392019 -0.154563 27.841499 0.111080 0.576218 -0.809713 -0.000100 0.406485 0.717143 0.566106 0.000000 0.000000 0.000000 0.000000 1.000000
0.900958 -0.401331 -0.164949 27.841499 0.111287 0.581161 -0.806143 -0.000100 0.419392 0.707944 0.568265 0.000000 0.000000 0.000000 0.000000 1.000000
0.888143 -0.427315 -0.169127 27.841499 0.120583 0.571801 -0.811482 -0.000100 0.443465 0.700319 0.559368 0.000000 0.000000 0.000000 0.000000 1.000000
0.869535 -0.462116 -0.174234 27.841499 0.133468 0.559547 -0.817982 -0.000100 0.475495 0.688009 0.548223 0.000000 0.000000 0.000000 0.000000 1.000000
0.849329 -0.495222 -0.182745 27.841499 0.145982 0.553054 -0.820257 -0.000100 0.507277 0.669990 0.542018 -0.000000 0.000000 0.000000 0.000000 1.000000
0.836704 -0.514214 -0.188444 27.841499 0.154558 0.551817 -0.819518 -0.000100 0.525394 0.656568 0.541183 -0.000000 0.000000 0.000000 0.000000 1.000000
0.838580 -0.512597 -0.184467 27.841499 0.156777 0.551357 -0.819406 -0.000100 0.521732 0.658217 0.542720 0.000000 0.000000 0.000000 0.000000 1.000000
0.854392 -0.491318 -0.169176 27.841499 0.153069 0.549094 -0.821624 -0.000100 0.496572 0.676094 0.544347 0.000000 0.000000 0.000000 0.000000 1.000000</float_array><technique_common><accessor source="#mixamorig_LeftForeArm-Matrix-animation-output-transform-array" count="17" stride="16"><param type="float4x4"/></accessor></technique_common></source><source id="mixamorig_LeftForeArm-Interpolations"><Name_array id="mixamorig_LeftForeArm-Interpolations-array" count="17">
 LINEAR LINEAR LINEAR LINEAR LINEAR LINEAR LINEAR LINEAR LINEAR LINEAR LINEAR
LINEAR LINEAR LINEAR LINEAR LINEAR LINEAR</Name_array><technique_common><accessor source="#mixamorig_LeftForeArm-Interpolations-array" count="17"><param type="name"/></accessor></technique_common></source><sampler id="mixamorig_LeftForeArm-Matrix-animation-transform"><input semantic="INPUT" source="#mixamorig_LeftForeArm-Matrix-animation-input"/><input semantic="OUTPUT" source="#mixamorig_LeftForeArm-Matrix-animation-output-transform"/><input semantic="INTERPOLATION" source="#mixamorig_LeftForeArm-Interpolations"/></sampler><channel source="#mixamorig_LeftForeArm-Matrix-animation-transform" target="mixamorig_LeftForeArm/matrix"/></animation>
    <animation id="mixamorig_LeftHand-anim" name="mixamorig_LeftHand"><source id="mixamorig_LeftHand-Matrix-animation-input"><float_array id="mixamorig_LeftHand-Matrix-animation-input-array" count="17">

0.000000 0.033333 0.066667 0.100000 0.133333 0.166667 0.200000 0.233333 0.266667 0.300000 0.333333 0.366667 0.400000 0.433333 0.466667 0.500000
0.533333</float_array><technique_common><accessor source="#mixamorig_LeftHand-Matrix-animation-input-array" count="17"><param name="TIME" type="float"/></accessor></technique_common></source><source id="mixamorig_LeftHand-Matrix-animation-output-transform"><float_array id="mixamorig_LeftHand-Matrix-animation-output-transform-array" count="272">

0.721233 -0.524245 -0.452758 28.328800 0.329130 0.834482 -0.441943 0.000000 0.609505 0.169727 0.774401 0.000000 0.000000 0.000000 0.000000 1.000000
0.726500 -0.518169 -0.451331 28.328800 0.326391 0.838189 -0.436931 0.000000 0.604704 0.170120 0.778069 -0.000000 0.000000 0.000000 0.000000 1.000000
0.742964 -0.501216 -0.443607 28.328800 0.320980 0.848383 -0.420973 0.000000 0.587347 0.170379 0.791198 -0.000000 0.000000 0.000000 0.000000 1.000000
0.757898 -0.484775 -0.436560 28.328800 0.314583 0.857821 -0.406424 0.000000 0.571514 0.170694 0.802642 -0.000000 0.000000 0.000000 0.000000 1.000000
0.760145 -0.483945 -0.433563 28.328800 0.315853 0.858348 -0.404322 0.000000 0.567817 0.170401 0.805324 0.000000 0.000000 0.000000 0.000000 1.000000
