<?xml version="1.0" encoding="utf-8"?>
<COLLADA xmlns="http://www.collada.org/2005/11/COLLADASchema" version="1.4.1">
  <asset><contributor><author>Mixamo</author><authoring_tool>COLLADA Mixamo exporter</authoring_tool><comments></comments></contributor><created>2018-12-18T17:53:51Z</created><modified>2018-12-18T17:53:51Z</modified><revision></revision><title></title><unit meter="0.010000"/><up_axis>Y_UP</up_axis></asset>
  <library_animations>
    <animation id="mixamorig_Hips-anim" name="mixamorig_Hips"><source id="mixamorig_Hips-Matrix-animation-input"><float_array id="mixamorig_Hips-Matrix-animation-input-array" count="33">

0.000000 0.033333 0.066667 0.100000 0.133333 0.166667 0.200000 0.233333 0.266667 0.300000 0.333333 0.366667 0.400000 0.433333 0.466667 0.500000
0.533333 0.566667 0.600000 0.633333 0.666667 0.700000 0.733333 0.766667 0.800000 0.833333 0.866667 0.900000 0.933333 0.966667 1.000000 1.033333
1.066667</float_array><technique_common><accessor source="#mixamorig_Hips-Matrix-animation-input-array" count="33"><param name="TIME" type="float"/></accessor></technique_common></source><source id="mixamorig_Hips-Matrix-animation-output-transform"><float_array id="mixamorig_Hips-Matrix-animation-output-transform-array" count="528">

0.838667 0.332433 0.431424 2.883612 0.037790 0.754694 -0.654988 73.036835 -0.543333 0.565620 0.620374 3.116621 0.000000 0.000000 0.000000 1.000000
0.869214 0.313911 0.382004 3.015410 0.014328 0.756289 -0.654080 73.222969 -0.494229 0.574009 0.652880 7.927995 0.000000 0.000000 0.000000 1.000000
0.895999 0.294545 0.332307 3.291552 -0.006027 0.756344 -0.654146 73.129364 -0.444014 0.584112 0.679459 13.279873 0.000000 0.000000 0.000000 1.000000
0.918320 0.277123 0.282652 3.404954 -0.025608 0.754151 -0.656202 73.430000 -0.395011 0.595365 0.699648 18.936245 0.000000 0.000000 0.000000 1.000000
0.933118 0.263435 0.244731 3.490951 -0.041819 0.755508 -0.653803 73.885910 -0.357131 0.599841 0.715994 24.903795 0.000000 0.000000 0.000000 1.000000
0.940506 0.256610 0.222711 3.582359 -0.056001 0.763567 -0.643296 74.280350 -0.335131 0.592551 0.732510 31.168900 0.000000 0.000000 0.000000 1.000000
0.940044 0.258144 0.222888 3.562884 -0.064031 0.775492 -0.628101 74.601433 -0.334988 0.576171 0.745526 37.756535 0.000000 0.000000 0.000000 1.000000
0.930697 0.266501 0.250561 3.359056 -0.058610 0.784778 -0.616999 74.827843 -0.361066 0.559554 0.746010 44.715908 0.000000 0.000000 0.000000 1.000000
0.913825 0.278764 0.295320 3.118319 -0.040555 0.786203 -0.616636 74.932205 -0.404078 0.551521 0.729758 51.955906 0.000000 0.000000 0.000000 1.000000
0.895391 0.291177 0.336883 3.060692 -0.018973 0.780825 -0.624461 74.876709 -0.444875 0.552746 0.704669 59.314499 0.000000 0.000000 0.000000 1.000000
0.880881 0.302629 0.363957 3.196234 -0.006206 0.776234 -0.630414 74.284325 -0.473298 0.553061 0.685648 66.361961 0.000000 0.000000 0.000000 1.000000
0.869176 0.313172 0.382696 3.326324 -0.001176 0.775207 -0.631706 73.582367 -0.494502 0.548613 0.674160 72.631477 0.000000 0.000000 0.000000 1.000000
0.856305 0.316495 0.408133 3.400280 0.014250 0.775456 -0.631241 72.838898 -0.516274 0.546351 0.659516 77.980133 0.000000 0.000000 0.000000 1.000000
0.840236 0.312446 0.443150 3.309808 0.045733 0.773536 -0.632100 72.237404 -0.540289 0.551380 0.635663 83.306862 0.000000 0.000000 0.000000 1.000000
0.820391 0.317756 0.475383 3.111846 0.071972 0.767381 -0.637139 71.928917 -0.567255 0.556918 0.606683 88.877060 0.000000 0.000000 0.000000 1.000000
0.797269 0.336144 0.501368 2.812793 0.087317 0.757637 -0.646809 71.876938 -0.597276 0.559458 0.574689 94.433968 0.000000 0.000000 0.000000 1.000000
0.771231 0.362382 0.523338 2.470714 0.097907 0.744828 -0.660035 72.191536 -0.628981 0.560278 0.538954 99.935341 0.000000 0.000000 0.000000 1.000000
0.743956 0.392611 0.540727 2.193354 0.105056 0.730413 -0.674878 72.845688 -0.659919 0.558886 0.502149 105.425911 0.000000 0.000000 0.000000 1.000000
0.715654 0.421003 0.557311 2.061365 0.110355 0.719741 -0.685415 73.172485 -0.689682 0.552022 0.468626 111.370369 0.000000 0.000000 0.000000 1.000000
0.686708 0.446750 0.573452 2.053537 0.113826 0.713050 -0.691811 73.657516 -0.717966 0.540346 0.438805 117.615852 0.000000 0.000000 0.000000 1.000000
0.658889 0.465025 0.591284 2.109173 0.119393 0.711420 -0.692551 74.334328 -0.742705 0.526910 0.413226 124.352654 0.000000 0.000000 0.000000 1.000000
0.642197 0.474056 0.602374 2.201968 0.112893 0.718774 -0.686017 74.904243 -0.758181 0.508562 0.408076 131.732056 0.000000 0.000000 0.000000 1.000000
0.626009 0.480457 0.614226 2.395831 0.103741 0.729345 -0.676235 75.091919 -0.772885 0.487050 0.406733 139.648972 0.000000 0.000000 0.000000 1.000000
0.613156 0.484365 0.624044 2.621025 0.091026 0.741384 -0.664879 74.901375 -0.784700 0.464479 0.410494 147.930908 0.000000 0.000000 0.000000 1.000000
0.605035 0.485560 0.631003 2.782473 0.076777 0.753245 -0.653243 74.485168 -0.792489 0.443681 0.418460 156.614136 0.000000 0.000000 0.000000 1.000000
0.603434 0.482262 0.635052 2.915133 0.066061 0.763419 -0.642517 73.851357 -0.794672 0.429669 0.428814 165.911987 0.000000 0.000000 0.000000 1.000000
0.615859 0.476453 0.627463 2.893223 0.050182 0.771079 -0.634759 73.235756 -0.786257 0.422409 0.450967 174.544983 0.000000 0.000000 0.000000 1.000000
0.654673 0.467271 0.594190 2.690393 0.021381 0.774295 -0.632463 72.881805 -0.755610 0.426761 0.496919 182.371567 0.000000 0.000000 0.000000 1.000000
0.702601 0.442993 0.556875 2.309262 0.013473 0.774163 -0.632843 72.962509 -0.711457 0.452139 0.537959 189.371063 0.000000 0.000000 0.000000 1.000000
0.745881 0.414396 0.521477 2.009609 0.018093 0.770011 -0.637774 73.138878 -0.665834 0.485138 0.566839 195.665421 0.000000 0.000000 0.000000 1.000000
0.782052 0.387228 0.488313 2.064545 0.025220 0.763235 -0.645629 72.989517 -0.622703 0.517231 0.587123 201.508102 0.000000 0.000000 0.000000 1.000000
0.809928 0.360469 0.462687 2.370464 0.035994 0.756822 -0.652629 72.964371 -0.585424 0.545236 0.599996 207.321762 0.000000 0.000000 0.000000 1.000000
0.838666 0.332433 0.431425 2.883608 0.037790 0.754694 -0.654988 73.036827 -0.543333 0.565620 0.620374 213.208450 0.000000 0.000000 0.000000 1.000000</float_array><technique_common><accessor source="#mixamorig_Hips-Matrix-animation-output-transform-array" count="33" stride="16"><param type="float4x4"/></accessor></technique_common></source><source id="mixamorig_Hips-Interpolations"><Name_array id="mixamorig_Hips-Interpolations-array" count="33">
 LINEAR LINEAR LINEAR LINEAR LINEAR LINEAR LINEAR LINEAR LINEAR LINEAR LINEAR
LINEAR LINEAR LINEAR LINEAR LINEAR LINEAR LINEAR LINEAR LINEAR LINEAR LINEAR LINEAR
LINEAR LINEAR LINEAR LINEAR LINEAR LINEAR LINEAR LINEAR LINEAR LINEAR</Name_array><technique_common><accessor source="#mixamorig_Hips-Interpolations-array" count="33"><param type="name"/></accessor></technique_common></source><sampler id="mixamorig_Hips-Matrix-animation-transform"><input semantic="INPUT" source="#mixamorig_Hips-Matrix-animation-input"/><input semantic="OUTPUT" source="#mixamorig_Hips-Matrix-animation-output-transform"/><input semantic="INTERPOLATION" source="#mixamorig_Hips-Interpolations"/></sampler><channel source="#mixamorig_Hips-Matrix-animation-transform" target="mixamorig_Hips/matrix"/></animation>
    <animation id="mixamorig_Spine-anim" name="mixamorig_Spine"><source id="mixamorig_Spine-Matrix-animation-input"><float_array id="mixamorig_Spine-Matrix-animation-input-array" count="33">

0.000000 0.033333 0.066667 0.100000 0.133333 0.166667 0.200000 0.233333 0.266667 0.300000 0.333333 0.366667 0.400000 0.433333 0.466667 0.500000
0.533333 0.566667 0.600000 0.633333 0.666667 0.700000 0.733333 0.766667 0.800000 0.833333 0.866667 0.900000 0.933333 0.966667 1.000000 1.033333
1.066667</float_array><technique_common><accessor source="#mixamorig_Spine-Matrix-animation-input-array" count="33"><param name="TIME" type="float"/></accessor></technique_common></source><source id="mixamorig_Spine-Matrix-animation-output-transform"><float_array id="mixamorig_Spine-Matrix-animation-output-transform-array" count="528">

0.999229 0.016084 0.035820 0.000000 -0.000671 0.919113 -0.393993 10.181600 -0.039260 0.393666 0.918415 0.131500 0.000000 0.000000 0.000000 1.000000
0.997090 0.040125 0.064826 0.000000 -0.010803 0.916076 -0.400858 10.181600 -0.075470 0.398991 0.913844 0.131500 0.000000 0.000000 0.000000 1.000000
0.993294 0.070637 0.091532 0.000000 -0.028534 0.916947 -0.397986 10.181600 -0.112042 0.392706 0.912814 0.131500 0.000000 0.000000 0.000000 1.000000
0.988035 0.104135 0.113768 0.000000 -0.052216 0.919939 -0.388570 10.181600 -0.145123 0.377980 0.914369 0.131500 0.000000 0.000000 0.000000 1.000000
0.982477 0.133711 0.129849 0.000000 -0.075643 0.922763 -0.377871 10.181600 -0.170345 0.361428 0.916707 0.131500 0.000000 0.000000 0.000000 1.000000
0.978450 0.152725 0.138961 0.000000 -0.091771 0.924522 -0.369914 10.181600 -0.184967 0.349190 0.918615 0.131500 0.000000 0.000000 0.000000 1.000000
0.977287 0.159477 0.139563 -0.000000 -0.099096 0.926021 -0.364232 10.181600 -0.187325 0.342129 0.920792 0.131500 0.000000 0.000000 0.000000 1.000000
0.978867 0.157587 0.130328 0.000000 -0.101815 0.928266 -0.357710 10.181600 -0.177349 0.336881 0.924694 0.131500 0.000000 0.000000 0.000000 1.000000
0.981989 0.151655 0.112683 0.000000 -0.103689 0.931149 -0.349585 10.181600 -0.157941 0.331605 0.930104 0.131500 0.000000 0.000000 0.000000 1.000000
0.985337 0.142290 0.094154 -0.000000 -0.101939 0.933460 -0.343891 10.181600 -0.136821 0.329250 0.934277 0.131500 0.000000 0.000000 0.000000 1.000000
0.988498 0.127920 0.080673 -0.000000 -0.092549 0.933553 -0.346285 10.181600 -0.119609 0.334836 0.934654 0.131500 0.000000 0.000000 0.000000 1.000000
0.991281 0.111866 0.069628 0.000000 -0.079838 0.930301 -0.358003 10.181600 -0.104824 0.349322 0.931121 0.131500 0.000000 0.000000 0.000000 1.000000
0.993738 0.096175 0.056878 -0.000000 -0.068136 0.925039 -0.373712 10.181600 -0.088556 0.367496 0.925799 0.131500 0.000000 0.000000 0.000000 1.000000
0.995818 0.078931 0.045997 0.000000 -0.055104 0.920560 -0.386695 10.181600 -0.072865 0.382543 0.921060 0.131500 0.000000 0.000000 0.000000 1.000000
0.997348 0.059320 0.042166 0.000000 -0.037936 0.918162 -0.394386 10.181600 -0.062110 0.391740 0.917977 0.131500 0.000000 0.000000 0.000000 1.000000
0.998343 0.037946 0.043265 -0.000000 -0.017628 0.917315 -0.397773 10.181600 -0.054782 0.396351 0.916463 0.131500 0.000000 0.000000 0.000000 1.000000
0.998858 0.015543 0.045187 0.000000 0.003712 0.917528 -0.397654 10.181600 -0.047641 0.397367 0.916422 0.131500 0.000000 0.000000 0.000000 1.000000
0.998930 -0.005741 0.045887 0.000000 0.023360 0.919006 -0.393551 10.181600 -0.039911 0.394202 0.918157 0.131500 0.000000 0.000000 0.000000 1.000000
0.998745 -0.025352 0.043202 0.000000 0.040083 0.921742 -0.385726 10.181600 -0.030043 0.386973 0.921601 0.131500 0.000000 0.000000 0.000000 1.000000
0.998297 -0.046426 0.035314 0.000000 0.056318 0.924812 -0.376233 10.181600 -0.015192 0.377581 0.925852 0.131500 0.000000 0.000000 0.000000 1.000000
0.997250 -0.069727 0.025120 0.000000 0.074077 0.927128 -0.367350 10.181600 0.002325 0.368200 0.929744 0.131500 0.000000 0.000000 0.000000 1.000000
0.995721 -0.089690 0.022265 0.000000 0.091673 0.928241 -0.360507 10.181600 0.011667 0.361005 0.932491 0.131500 0.000000 0.000000 0.000000 1.000000
0.994368 -0.102734 0.026039 0.000000 0.105272 0.929023 -0.354730 10.181600 0.012252 0.355474 0.934606 0.131500 0.000000 0.000000 0.000000 1.000000
0.992565 -0.118059 0.029609 0.000000 0.120946 0.929336 -0.348866 10.181600 0.013670 0.349853 0.936705 0.131500 0.000000 0.000000 0.000000 1.000000
0.990685 -0.132393 0.031854 0.000000 0.135219 0.928853 -0.344889 10.181600 0.016073 0.345984 0.938103 0.131500 0.000000 0.000000 0.000000 1.000000
0.989592 -0.141031 0.028601 0.000000 0.142222 0.928251 -0.343691 10.181600 0.021923 0.344182 0.938647 0.131500 0.000000 0.000000 0.000000 1.000000
0.988732 -0.146888 0.028869 0.000000 0.147761 0.926695 -0.345548 10.181600 0.024004 0.345920 0.937957 0.131500 0.000000 0.000000 0.000000 1.000000
0.990384 -0.135376 0.028504 0.000000 0.136582 0.924010 -0.357143 10.181600 0.022010 0.357602 0.933615 0.131500 0.000000 0.000000 0.000000 1.000000
0.994332 -0.102367 0.028707 0.000000 0.105671 0.921892 -0.372757 10.181600 0.011693 0.373678 0.927485 0.131500 0.000000 0.000000 0.000000 1.000000
0.997614 -0.061368 0.031626 0.000000 0.068823 0.920149 -0.385473 10.181600 -0.005445 0.386730 0.922177 0.131500 0.000000 0.000000 0.000000 1.000000
0.999030 -0.025786 0.035693 0.000000 0.037733 0.919153 -0.392090 10.181600 -0.022697 0.393056 0.919234 0.131500 0.000000 0.000000 0.000000 1.000000
0.999327 -0.000496 0.036690 -0.000000 0.014919 0.919024 -0.393919 10.181600 -0.033524 0.394201 0.918413 0.131500 0.000000 0.000000 0.000000 1.000000
0.999229 0.016085 0.035819 0.000000 -0.000671 0.919113 -0.393994 10.181600 -0.039259 0.393666 0.918415 0.131500 0.000000 0.000000 0.000000 1.000000</float_array><technique_common><accessor source="#mixamorig_Spine-Matrix-animation-output-transform-array" count="33" stride="16"><param type="float4x4"/></accessor></technique_common></source><source id="mixamorig_Spine-Interpolations"><Name_array id="mixamorig_Spine-Interpolations-array" count="33">
 LINEAR LINEAR LINEAR LINEAR LINEAR LINEAR LINEAR LINEAR LINEAR LINEAR LINEAR
LINEAR LINEAR LINEAR LINEAR LINEAR LINEAR LINEAR LINEAR LINEAR LINEAR LINEAR LINEAR
LINEAR LINEAR LINEAR LINEAR LINEAR LINEAR LINEAR LINEAR LINEAR LINEAR</Name_array><technique_common><accessor source="#mixamorig_Spine-Interpolations-array" count="33"><param type="name"/></accessor></technique_common></source><sampler id="mixamorig_Spine-Matrix-animation-transform"><input semantic="INPUT" source="#mixamorig_Spine-Matrix-animation-input"/><input semantic="OUTPUT" source="#mixamorig_Spine-Matrix-animation-output-transform"/><input semantic="INTERPOLATION" source="#mixamorig_Spine-Interpolations"/></sampler><channel source="#mixamorig_Spine-Matrix-animation-transform" target="mixamorig_Spine/matrix"/></animation>
    <animation id="mixamorig_Spine1-anim" name="mixamorig_Spine1"><source id="mixamorig_Spine1-Matrix-animation-input"><float_array id="mixamorig_Spine1-Matrix-animation-input-array" count="33">

0.000000 0.033333 0.066667 0.100000 0.133333 0.166667 0.200000 0.233333 0.266667 0.300000 0.333333 0.366667 0.400000 0.433333 0.466667 0.500000
0.533333 0.566667 0.600000 0.633333 0.666667 0.700000 0.733333 0.766667 0.800000 0.833333 0.866667 0.900000 0.933333 0.966667 1.000000 1.033333
1.066667</float_array><technique_common><accessor source="#mixamorig_Spine1-Matrix-animation-input-array" count="33"><param name="TIME" type="float"/></accessor></technique_common></source><source id="mixamorig_Spine1-Matrix-animation-output-transform"><float_array id="mixamorig_Spine1-Matrix-animation-output-transform-array" count="528">

0.999985 0.004150 0.003544 0.000000 -0.003132 0.968240 -0.250003 10.083500 -0.004469 0.249988 0.968239 -1.000800 0.000000 0.000000 0.000000 1.000000
0.999952 0.006656 0.007212 0.000000 -0.004608 0.967254 -0.253767 10.083500 -0.008665 0.253722 0.967238 -1.000800 0.000000 0.000000 0.000000 1.000000
0.999886 0.010502 0.010887 0.000000 -0.007406 0.967428 -0.253036 10.083500 -0.013190 0.252927 0.967396 -1.000800 0.000000 0.000000 0.000000 1.000000
0.999777 0.014916 0.014973 0.000000 -0.010719 0.968441 -0.249011 10.083500 -0.018215 0.248795 0.968385 -1.000800 0.000000 0.000000 0.000000 1.000000
0.999620 0.019029 0.019942 0.000000 -0.013598 0.969752 -0.243715 10.083500 -0.023976 0.243351 0.969642 -1.000800 0.000000 0.000000 0.000000 1.000000
0.999423 0.022368 0.025557 -0.000000 -0.015607 0.970806 -0.239357 10.083500 -0.030165 0.238820 0.970595 -1.000800 0.000000 0.000000 0.000000 1.000000
0.999223 0.024907 0.030532 0.000000 -0.016961 0.971295 -0.237272 10.083500 -0.035565 0.236570 0.970963 -1.000800 0.000000 0.000000 0.000000 1.000000
0.999094 0.026486 0.033317 0.000000 -0.017825 0.971214 -0.237540 10.083500 -0.038650 0.236731 0.970806 -1.000800 0.000000 0.000000 0.000000 1.000000
0.999090 0.026572 0.033375 -0.000000 -0.017821 0.970753 -0.239419 10.083500 -0.038760 0.238606 0.970343 -1.000800 0.000000 0.000000 0.000000 1.000000
0.999192 0.024822 0.031595 0.000000 -0.016436 0.970053 -0.242336 10.083500 -0.036664 0.241622 0.969678 -1.000800 0.000000 0.000000 0.000000 1.000000
0.999332 0.021676 0.029421 -0.000000 -0.013769 0.969097 -0.246293 10.083500 -0.033850 0.245724 0.968749 -1.000800 0.000000 0.000000 0.000000 1.000000
0.999454 0.018166 0.027614 -0.000000 -0.010655 0.967898 -0.251117 10.083500 -0.031289 0.250686 0.967563 -1.000800 0.000000 0.000000 0.000000 1.000000
0.999550 0.015073 0.025922 0.000000 -0.007941 0.966677 -0.255874 10.083500 -0.028915 0.255554 0.966362 -1.000800 0.000000 0.000000 0.000000 1.000000
0.999639 0.012294 0.023872 0.000000 -0.005674 0.965663 -0.259734 10.083500 -0.026246 0.259505 0.965385 -1.000800 0.000000 0.000000 0.000000 1.000000
0.999724 0.009074 0.021681 0.000000 -0.003052 0.964787 -0.263013 10.083500 -0.023304 0.262875 0.964549 -1.000800 0.000000 0.000000 0.000000 1.000000
0.999784 0.004993 0.020173 0.000000 0.000561 0.963870 -0.266373 10.083500 -0.020774 0.266327 0.963659 -1.000800 0.000000 0.000000 0.000000 1.000000
0.999804 0.000910 0.019787 0.000000 0.004448 0.963123 -0.269026 10.083500 -0.019302 0.269062 0.962930 -1.000800 0.000000 0.000000 0.000000 1.000000
0.999802 -0.001327 0.019863 0.000000 0.006619 0.963164 -0.268835 10.083500 -0.018774 0.268913 0.962981 -1.000800 0.000000 0.000000 0.000000 1.000000
0.999816 -0.000402 0.019174 0.000000 0.005463 0.964324 -0.264668 10.083500 -0.018384 0.264724 0.964149 -1.000800 0.000000 0.000000 0.000000 1.000000
0.999847 0.003189 0.017190 -0.000000 0.001352 0.966176 -0.257881 10.083500 -0.017431 0.257865 0.966024 -1.000800 0.000000 0.000000 0.000000 1.000000
0.999865 0.007508 0.014601 0.000000 -0.003605 0.967997 -0.250936 10.083500 -0.016018 0.250849 0.967894 -1.000800 0.000000 0.000000 0.000000 1.000000
0.999869 0.010005 0.012743 0.000000 -0.006569 0.969327 -0.245686 10.083500 -0.014810 0.245570 0.969266 -1.000800 0.000000 0.000000 0.000000 1.000000
0.999890 0.008726 0.011977 0.000000 -0.005571 0.970290 -0.241879 10.083500 -0.013732 0.241786 0.970233 -1.000800 0.000000 0.000000 0.000000 1.000000
0.999920 0.005670 0.011316 0.000000 -0.002807 0.971130 -0.238535 10.083500 -0.012341 0.238484 0.971068 -1.000800 0.000000 0.000000 0.000000 1.000000
0.999940 0.000804 0.010963 0.000000 0.001813 0.971601 -0.236617 10.083500 -0.010842 0.236622 0.971541 -1.000800 0.000000 0.000000 0.000000 1.000000
0.999928 -0.005365 0.010736 0.000000 0.007750 0.971664 -0.236241 10.083500 -0.009164 0.236307 0.971635 -1.000800 0.000000 0.000000 0.000000 1.000000
0.999865 -0.012678 0.010479 0.000000 0.014806 0.971220 -0.237725 10.083500 -0.007164 0.237848 0.971276 -1.000800 0.000000 0.000000 0.000000 1.000000
0.999851 -0.014567 0.009306 0.000000 0.016388 0.970054 -0.242337 10.083500 -0.005497 0.242453 0.970148 -1.000800 0.000000 0.000000 0.000000 1.000000
0.999922 -0.009966 0.007476 0.000000 0.011507 0.968815 -0.247518 10.083500 -0.004776 0.247585 0.968854 -1.000800 0.000000 0.000000 0.000000 1.000000
0.999978 -0.003185 0.005807 -0.000000 0.004543 0.967899 -0.251300 10.083500 -0.004820 0.251321 0.967892 -1.000800 0.000000 0.000000 0.000000 1.000000
0.999987 0.002030 0.004746 0.000000 -0.000765 0.967569 -0.252606 10.083500 -0.005105 0.252599 0.967557 -1.000800 0.000000 0.000000 0.000000 1.000000
0.999982 0.004245 0.004126 0.000000 -0.003069 0.967776 -0.251793 10.083500 -0.005062 0.251776 0.967772 -1.000800 0.000000 0.000000 0.000000 1.000000
0.999985 0.004150 0.003544 0.000000 -0.003132 0.968240 -0.250002 10.083500 -0.004469 0.249987 0.968239 -1.000800 0.000000 0.000000 0.000000 1.000000</float_array><technique_common><accessor source="#mixamorig_Spine1-Matrix-animation-output-transform-array" count="33" stride="16"><param type="float4x4"/></accessor></technique_common></source><source id="mixamorig_Spine1-Interpolations"><Name_array id="mixamorig_Spine1-Interpolations-array" count="33">
 LINEAR LINEAR LINEAR LINEAR LINEAR LINEAR LINEAR LINEAR LINEAR LINEAR LINEAR
LINEAR LINEAR LINEAR LINEAR LINEAR LINEAR LINEAR LINEAR LINEAR LINEAR LINEAR LINEAR
LINEAR LINEAR LINEAR LINEAR LINEAR LINEAR LINEAR LINEAR LINEAR LINEAR</Name_array><technique_common><accessor source="#mixamorig_Spine1-Interpolations-array" count="33"><param type="name"/></accessor></technique_common></source><sampler id="mixamorig_Spine1-Matrix-animation-transform"><input semantic="INPUT" source="#mixamorig_Spine1-Matrix-animation-input"/><input semantic="OUTPUT" source="#mixamorig_Spine1-Matrix-animation-output-transform"/><input semantic="INTERPOLATION" source="#mixamorig_Spine1-Interpolations"/></sampler><channel source="#mixamorig_Spine1-Matrix-animation-transform" target="mixamorig_Spine1/matrix"/></animation>
    <animation id="mixamorig_Spine2-anim" name="mixamorig_Spine2"><source id="mixamorig_Spine2-Matrix-animation-input"><float_array id="mixamorig_Spine2-Matrix-animation-input-array" count="33">

0.000000 0.033333 0.066667 0.100000 0.133333 0.166667 0.200000 0.233333 0.266667 0.300000 0.333333 0.366667 0.400000 0.433333 0.466667 0.500000
0.533333 0.566667 0.600000 0.633333 0.666667 0.700000 0.733333 0.766667 0.800000 0.833333 0.866667 0.900000 0.933333 0.966667 1.000000 1.033333
1.066667</float_array><technique_common><accessor source="#mixamorig_Spine2-Matrix-animation-input-array" count="33"><param name="TIME" type="float"/></accessor></technique_common></source><source id="mixamorig_Spine2-Matrix-animation-output-transform"><float_array id="mixamorig_Spine2-Matrix-animation-output-transform-array" count="528">

0.999989 0.003274 0.003364 0.000000 -0.002380 0.971277 -0.237938 9.100000 -0.004046 0.237928 0.971274 -1.373400 0.000000 0.000000 0.000000 1.000000
0.999956 0.006172 0.007082 0.000000 -0.004278 0.970334 -0.241732 9.100000 -0.008364 0.241691 0.970317 -1.373400 0.000000 0.000000 0.000000 1.000000
0.999888 0.010541 0.010635 -0.000000 -0.007667 0.970489 -0.241024 9.100000 -0.012862 0.240915 0.970461 -1.373400 0.000000 0.000000 0.000000 1.000000
0.999773 0.015610 0.014478 0.000000 -0.011735 0.971435 -0.237017 9.100000 -0.017765 0.236794 0.971398 -1.373400 0.000000 0.000000 0.000000 1.000000
0.999607 0.020467 0.019152 0.000000 -0.015475 0.972655 -0.231739 9.100000 -0.023371 0.231351 0.972590 -1.373400 0.000000 0.000000 0.000000 1.000000
0.999399 0.024539 0.024492 -0.000000 -0.018333 0.973629 -0.227399 9.100000 -0.029427 0.226813 0.973494 -1.373400 0.000000 0.000000 0.000000 1.000000
0.999188 0.027686 0.029265 0.000000 -0.020390 0.974069 -0.225329 9.100000 -0.034745 0.224549 0.973843 -1.373400 0.000000 0.000000 0.000000 1.000000
0.999049 0.029665 0.031949 0.000000 -0.021706 0.973978 -0.225600 9.100000 -0.037810 0.224692 0.973696 -1.373400 0.000000 0.000000 0.000000 1.000000
0.999040 0.029935 0.031993 -0.000000 -0.021886 0.973537 -0.227478 9.100000 -0.037955 0.226559 0.973258 -1.373400 0.000000 0.000000 0.000000 1.000000
0.999145 0.028203 0.030237 0.000000 -0.020489 0.972881 -0.230396 9.100000 -0.035914 0.229580 0.972627 -1.373400 0.000000 0.000000 0.000000 1.000000
0.999293 0.025003 0.028084 0.000000 -0.017733 0.971986 -0.234367 9.100000 -0.033157 0.233703 0.971742 -1.373400 0.000000 0.000000 0.000000 1.000000
0.999424 0.021425 0.026305 0.000000 -0.014517 0.970859 -0.239210 9.100000 -0.030664 0.238690 0.970612 -1.373400 0.000000 0.000000 0.000000 1.000000
0.999529 0.018250 0.024688 -0.000000 -0.011680 0.969711 -0.243977 9.100000 -0.028393 0.243573 0.969467 -1.373400 0.000000 0.000000 0.000000 1.000000
0.999623 0.015343 0.022770 0.000000 -0.009225 0.968760 -0.247830 9.100000 -0.025861 0.247526 0.968536 -1.373400 0.000000 0.000000 0.000000 1.000000
0.999714 0.011941 0.020714 0.000000 -0.006359 0.967943 -0.251090 9.100000 -0.023048 0.250887 0.967742 -1.373400 0.000000 0.000000 0.000000 1.000000
0.999785 0.007649 0.019257 0.000000 -0.002498 0.967088 -0.254431 9.100000 -0.020569 0.254328 0.966899 -1.373400 0.000000 0.000000 0.000000 1.000000
0.999818 0.003327 0.018777 0.000000 0.001612 0.966392 -0.257069 9.100000 -0.019001 0.257052 0.966211 -1.373400 0.000000 0.000000 0.000000 1.000000
0.999826 0.000798 0.018635 0.000000 0.004016 0.966439 -0.256864 9.100000 -0.018214 0.256894 0.966268 -1.373400 0.000000 0.000000 0.000000 1.000000
0.999843 0.001368 0.017680 -0.000000 0.003144 0.967543 -0.252685 9.100000 -0.017451 0.252701 0.967387 -1.373400 0.000000 0.000000 0.000000 1.000000
0.999871 0.004610 0.015381 0.000000 -0.000687 0.969299 -0.245884 9.100000 -0.016042 0.245842 0.969177 -1.373400 0.000000 0.000000 0.000000 1.000000
0.999887 0.008691 0.012306 -0.000000 -0.005500 0.971026 -0.238909 9.100000 -0.014026 0.238814 0.970964 -1.373400 0.000000 0.000000 0.000000 1.000000
0.999890 0.011104 0.009838 0.000000 -0.008499 0.972295 -0.233604 9.100000 -0.012160 0.233495 0.972282 -1.373400 0.000000 0.000000 0.000000 1.000000
0.999913 0.009806 0.008819 0.000000 -0.007518 0.973223 -0.229741 9.100000 -0.010835 0.229655 0.973212 -1.373400 0.000000 0.000000 0.000000 1.000000
0.999943 0.006742 0.008225 0.000000 -0.004705 0.974031 -0.226366 9.100000 -0.009538 0.226314 0.974008 -1.373400 0.000000 0.000000 0.000000 1.000000
0.999965 0.001910 0.008201 0.000000 -0.000020 0.974488 -0.224438 9.100000 -0.008421 0.224430 0.974454 -1.373400 0.000000 0.000000 0.000000 1.000000
0.999954 -0.004224 0.008564 0.000000 0.006036 0.974552 -0.224082 9.100000 -0.007399 0.224124 0.974533 -1.373400 0.000000 0.000000 0.000000 1.000000
0.999892 -0.011474 0.009144 -0.000000 0.013241 0.974124 -0.225627 9.100000 -0.006319 0.225724 0.974171 -1.373400 0.000000 0.000000 0.000000 1.000000
0.999876 -0.013460 0.008217 0.000000 0.014991 0.973008 -0.230285 9.100000 -0.004895 0.230379 0.973089 -1.373400 0.000000 0.000000 0.000000 1.000000
0.999938 -0.009246 0.006150 0.000000 0.010435 0.971826 -0.235468 9.100000 -0.003800 0.235518 0.971863 -1.373400 0.000000 0.000000 0.000000 1.000000
0.999986 -0.003007 0.004325 -0.000000 0.003955 0.970953 -0.239239 9.100000 -0.003480 0.239253 0.970951 -1.373400 0.000000 0.000000 0.000000 1.000000
0.999993 0.001705 0.003436 0.000000 -0.000829 0.970638 -0.240543 9.100000 -0.003745 0.240538 0.970632 -1.373400 0.000000 0.000000 0.000000 1.000000
0.999988 0.003567 0.003292 -0.000000 -0.002674 0.970835 -0.239735 9.100000 -0.004051 0.239723 0.970833 -1.373400 0.000000 0.000000 0.000000 1.000000
0.999989 0.003274 0.003364 0.000000 -0.002379 0.971277 -0.237939 9.100000 -0.004046 0.237928 0.971274 -1.373400 0.000000 0.000000 0.000000 1.000000</float_array><technique_common><accessor source="#mixamorig_Spine2-Matrix-animation-output-transform-array" count="33" stride="16"><param type="float4x4"/></accessor></technique_common></source><source id="mixamorig_Spine2-Interpolations"><Name_array id="mixamorig_Spine2-Interpolations-array" count="33">
 LINEAR LINEAR LINEAR LINEAR LINEAR LINEAR LINEAR LINEAR LINEAR LINEAR LINEAR
LINEAR LINEAR LINEAR LINEAR LINEAR LINEAR LINEAR LINEAR LINEAR LINEAR LINEAR LINEAR
LINEAR LINEAR LINEAR LINEAR LINEAR LINEAR LINEAR LINEAR LINEAR LINEAR</Name_array><technique_common><accessor source="#mixamorig_Spine2-Interpolations-array" count="33"><param type="name"/></accessor></technique_common></source><sampler id="mixamorig_Spine2-Matrix-animation-transform"><input semantic="INPUT" source="#mixamorig_Spine2-Matrix-animation-input"/><input semantic="OUTPUT" source="#mixamorig_Spine2-Matrix-animation-output-transform"/><input semantic="INTERPOLATION" source="#mixamorig_Spine2-Interpolations"/></sampler><channel source="#mixamorig_Spine2-Matrix-animation-transform" target="mixamorig_Spine2/matrix"/></animation>
    <animation id="mixamorig_Neck-anim" name="mixamorig_Neck"><source id="mixamorig_Neck-Matrix-animation-input"><float_array id="mixamorig_Neck-Matrix-animation-input-array" count="33">

0.000000 0.033333 0.066667 0.100000 0.133333 0.166667 0.200000 0.233333 0.266667 0.300000 0.333333 0.366667 0.400000 0.433333 0.466667 0.500000
0.533333 0.566667 0.600000 0.633333 0.666667 0.700000 0.733333 0.766667 0.800000 0.833333 0.866667 0.900000 0.933333 0.966667 1.000000 1.033333
1.066667</float_array><technique_common><accessor source="#mixamorig_Neck-Matrix-animation-input-array" count="33"><param name="TIME" type="float"/></accessor></technique_common></source><source id="mixamorig_Neck-Matrix-animation-output-transform"><float_array id="mixamorig_Neck-Matrix-animation-output-transform-array" count="528">

0.993736 0.041728 -0.103673 -0.000000 -0.009471 0.955784 0.293917 16.671700 0.111353 -0.291094 0.950192 -2.516200 0.000000 0.000000 0.000000 1.000000
0.993947 0.047254 -0.099178 -0.000000 -0.014001 0.949890 0.312271 16.671700 0.108964 -0.308992 0.944802 -2.516200 0.000000 0.000000 0.000000 1.000000
0.994080 0.057382 -0.092260 0.000000 -0.023711 0.943265 0.331194 16.671700 0.106030 -0.327046 0.939041 -2.516200 0.000000 0.000000 0.000000 1.000000
0.994199 0.065357 -0.085420 0.000000 -0.032875 0.940846 0.337235 16.671700 0.102407 -0.332470 0.937537 -2.516200 0.000000 0.000000 0.000000 1.000000
0.994448 0.067408 -0.080802 0.000000 -0.038229 0.946846 0.319408 16.671700 0.098038 -0.314546 0.944166 -2.516200 0.000000 0.000000 0.000000 1.000000
0.994840 0.063849 -0.078850 0.000000 -0.039637 0.959979 0.277254 16.671700 0.093397 -0.272698 0.957556 -2.516200 0.000000 0.000000 0.000000 1.000000
0.995353 0.055629 -0.078594 -0.000000 -0.036754 0.973926 0.223869 16.671700 0.088998 -0.219940 0.971445 -2.516200 0.000000 0.000000 0.000000 1.000000
0.995968 0.041834 -0.079363 0.000000 -0.026797 0.982960 0.181854 16.671700 0.085618 -0.178994 0.980118 -2.516200 0.000000 0.000000 0.000000 1.000000
0.996415 0.023036 -0.081401 -0.000000 -0.008591 0.984791 0.173529 16.671700 0.084160 -0.172207 0.981459 -2.516200 0.000000 0.000000 0.000000 1.000000
0.996386 0.005235 -0.084784 0.000000 0.012486 0.978232 0.207136 16.671700 0.084023 -0.207446 0.974631 -2.516200 0.000000 0.000000 0.000000 1.000000
0.996086 -0.002702 -0.088350 0.000000 0.026324 0.963247 0.267325 16.671700 0.084380 -0.268604 0.959548 -2.516200 0.000000 0.000000 0.000000 1.000000
0.995903 0.003313 -0.090368 0.000000 0.026157 0.946054 0.322951 16.671700 0.086563 -0.323991 0.942091 -2.516200 0.000000 0.000000 0.000000 1.000000
0.995726 0.018115 -0.090562 0.000000 0.014899 0.936226 0.351083 16.671700 0.091146 -0.350932 0.931954 -2.516200 0.000000 0.000000 0.000000 1.000000
0.995365 0.031428 -0.090889 0.000000 0.002888 0.934900 0.354900 16.671700 0.096126 -0.353517 0.930476 -2.516200 0.000000 0.000000 0.000000 1.000000
0.994918 0.036764 -0.093736 0.000000 -0.000776 0.933730 0.357976 16.671700 0.100685 -0.356084 0.929014 -2.516200 0.000000 0.000000 0.000000 1.000000
0.994398 0.035129 -0.099693 0.000000 0.005315 0.925350 0.379076 16.671700 0.105568 -0.377482 0.919980 -2.516200 0.000000 0.000000 0.000000 1.000000
0.993774 0.029625 -0.107407 0.000000 0.017353 0.911085 0.411853 16.671700 0.110058 -0.411152 0.904898 -2.516200 0.000000 0.000000 0.000000 1.000000
0.993158 0.019028 -0.115218 0.000000 0.032945 0.900905 0.432765 16.671700 0.112035 -0.433599 0.894114 -2.516200 0.000000 0.000000 0.000000 1.000000
0.992468 -0.000563 -0.122504 0.000000 0.053161 0.902906 0.426537 16.671700 0.110369 -0.429837 0.896135 -2.516200 0.000000 0.000000 0.000000 1.000000
0.991143 -0.029098 -0.129571 -0.000000 0.078990 0.913506 0.399082 16.671700 0.106752 -0.405783 0.907714 -2.516200 0.000000 0.000000 0.000000 1.000000
0.988752 -0.060571 -0.136750 0.000000 0.107354 0.924038 0.366918 16.671700 0.104138 -0.377472 0.920147 -2.516200 0.000000 0.000000 0.000000 1.000000
0.986237 -0.083771 -0.142548 0.000000 0.128125 0.932144 0.338660 16.671700 0.104505 -0.352263 0.930048 -2.516200 0.000000 0.000000 0.000000 1.000000
0.985598 -0.088798 -0.143917 0.000000 0.129217 0.944446 0.302201 16.671700 0.109087 -0.316445 0.942318 -2.516200 0.000000 0.000000 0.000000 1.000000
0.986245 -0.083026 -0.142923 -0.000000 0.118691 0.957526 0.262787 16.671700 0.115035 -0.276136 0.954210 -2.516200 0.000000 0.000000 0.000000 1.000000
0.988349 -0.063794 -0.138188 0.000000 0.094777 0.968370 0.230818 16.671700 0.119093 -0.241226 0.963134 -2.516200 0.000000 0.000000 0.000000 1.000000
0.991115 -0.032733 -0.128915 0.000000 0.059293 0.976341 0.207947 16.671700 0.119058 -0.213744 0.969608 -2.516200 0.000000 0.000000 0.000000 1.000000
0.993170 0.011999 -0.116056 0.000000 0.011850 0.979180 0.202647 16.671700 0.116071 -0.202639 0.972350 -2.516200 0.000000 0.000000 0.000000 1.000000
0.993339 0.043436 -0.106728 0.000000 -0.016262 0.969806 0.243335 16.671700 0.114075 -0.239979 0.964052 -2.516200 0.000000 0.000000 0.000000 1.000000
0.993480 0.044260 -0.105064 -0.000000 -0.012259 0.957693 0.287529 16.671700 0.113345 -0.284367 0.951992 -2.516200 0.000000 0.000000 0.000000 1.000000
0.993730 0.031116 -0.107386 0.000000 0.003658 0.950928 0.309391 16.671700 0.111744 -0.307844 0.944852 -2.516200 0.000000 0.000000 0.000000 1.000000
0.993767 0.022332 -0.109216 0.000000 0.012547 0.951095 0.308644 16.671700 0.110767 -0.308091 0.944887 -2.516200 0.000000 0.000000 0.000000 1.000000
0.993799 0.026615 -0.107963 -0.000000 0.006934 0.954210 0.299057 16.671700 0.110978 -0.297951 0.948108 -2.516200 0.000000 0.000000 0.000000 1.000000
0.993736 0.041728 -0.103673 0.000000 -0.009471 0.955784 0.293917 16.671700 0.111353 -0.291094 0.950192 -2.516200 0.000000 0.000000 0.000000 1.000000</float_array><technique_common><accessor source="#mixamorig_Neck-Matrix-animation-output-transform-array" count="33" stride="16"><param type="float4x4"/></accessor></technique_common></source><source id="mixamorig_Neck-Interpolations"><Name_array id="mixamorig_Neck-Interpolations-array" count="33">
 LINEAR LINEAR LINEAR LINEAR LINEAR LINEAR LINEAR LINEAR LINEAR LINEAR LINEAR
LINEAR LINEAR LINEAR LINEAR LINEAR LINEAR LINEAR LINEAR LINEAR LINEAR LINEAR LINEAR
LINEAR LINEAR LINEAR LINEAR LINEAR LINEAR LINEAR LINEAR LINEAR LINEAR</Name_array><technique_common><accessor source="#mixamorig_Neck-Interpolations-array" count="33"><param type="name"/></accessor></technique_common></source><sampler id="mixamorig_Neck-Matrix-animation-transform"><input semantic="INPUT" source="#mixamorig_Neck-Matrix-animation-input"/><input semantic="OUTPUT" source="#mixamorig_Neck-Matrix-animation-output-transform"/><input semantic="INTERPOLATION" source="#mixamorig_Neck-Interpolations"/></sampler><channel source="#mixamorig_Neck-Matrix-animation-transform" target="mixamorig_Neck/matrix"/></animation>
    <animation id="mixamorig_Head-anim" name="mixamorig_Head"><source id="mixamorig_Head-Matrix-animation-input"><float_array id="mixamorig_Head-Matrix-animation-input-array" count="33">

0.000000 0.033333 0.066667 0.100000 0.133333 0.166667 0.200000 0.233333 0.266667 0.300000 0.333333 0.366667 0.400000 0.433333 0.466667 0.500000
0.533333 0.566667 0.600000 0.633333 0.666667 0.700000 0.733333 0.766667 0.800000 0.833333 0.866667 0.900000 0.933333 0.966667 1.000000 1.033333
1.066667</float_array><technique_common><accessor source="#mixamorig_Head-Matrix-animation-input-array" count="33"><param name="TIME" type="float"/></accessor></technique_common></source><source id="mixamorig_Head-Matrix-animation-output-transform"><float_array id="mixamorig_Head-Matrix-animation-output-transform-array" count="528">

0.800546 0.072163 -0.594911 -0.000000 0.518590 0.414069 0.748071 9.617900 0.300317 -0.907380 0.294058 1.685000 0.000000 0.000000 0.000000 1.000000
0.811915 0.069194 -0.579661 0.000000 0.505881 0.412148 0.757772 9.617900 0.291340 -0.908486 0.299625 1.685000 0.000000 0.000000 0.000000 1.000000
0.814992 0.061724 -0.576175 0.000000 0.501047 0.424433 0.754194 9.617900 0.291100 -0.903353 0.314983 1.685000 0.000000 0.000000 0.000000 1.000000
0.812994 0.051266 -0.580011 0.000000 0.504559 0.435151 0.745697 9.617900 0.290621 -0.898897 0.327908 1.685000 0.000000 0.000000 0.000000 1.000000
0.809213 0.040765 -0.586099 -0.000000 0.514931 0.431110 0.740938 9.617900 0.282878 -0.901378 0.327869 1.685000 0.000000 0.000000 0.000000 1.000000
0.804882 0.033423 -0.592492 -0.000000 0.529543 0.410204 0.742508 9.617900 0.267860 -0.911381 0.312467 1.685000 0.000000 0.000000 0.000000 1.000000
0.799270 0.029633 -0.600241 0.000000 0.545689 0.382653 0.745521 9.617900 0.251776 -0.923417 0.289672 1.685000 0.000000 0.000000 0.000000 1.000000
0.792683 0.027883 -0.608996 0.000000 0.559259 0.364361 0.744628 9.617900 0.242657 -0.930840 0.273229 1.685000 0.000000 0.000000 0.000000 1.000000
0.787959 0.027331 -0.615121 -0.000000 0.564142 0.368234 0.739018 9.617900 0.246707 -0.929331 0.274734 1.685000 0.000000 0.000000 0.000000 1.000000
0.787782 0.026610 -0.615379 0.000000 0.557016 0.395692 0.730179 9.617900 0.262930 -0.917998 0.296897 1.685000 0.000000 0.000000 0.000000 1.000000
0.790812 0.024777 -0.611558 -0.000000 0.542785 0.433351 0.719438 9.617900 0.282845 -0.900885 0.329250 1.685000 0.000000 0.000000 0.000000 1.000000
0.791932 0.026117 -0.610051 -0.000000 0.531848 0.461311 0.710162 9.617900 0.299970 -0.886854 0.351437 1.685000 0.000000 0.000000 0.000000 1.000000
0.787343 0.035386 -0.615499 0.000000 0.531238 0.467675 0.706446 9.617900 0.312852 -0.883192 0.349423 1.685000 0.000000 0.000000 0.000000 1.000000
0.778829 0.051009 -0.625159 0.000000 0.538423 0.456906 0.708052 9.617900 0.321756 -0.888051 0.328387 1.685000 0.000000 0.000000 0.000000 1.000000
0.770721 0.069824 -0.633336 0.000000 0.544050 0.445270 0.711157 9.617900 0.331661 -0.892670 0.305191 1.685000 0.000000 0.000000 0.000000 1.000000
0.764710 0.089623 -0.638112 -0.000000 0.542397 0.445105 0.712522 9.617900 0.347885 -0.890982 0.291765 1.685000 0.000000 0.000000 0.000000 1.000000
0.760188 0.106347 -0.640940 0.000000 0.536701 0.453175 0.711748 9.617900 0.366150 -0.885055 0.287422 1.685000 0.000000 0.000000 0.000000 1.000000
0.757516 0.116030 -0.642422 0.000000 0.533952 0.456045 0.711981 9.617900 0.375585 -0.882360 0.283508 1.685000 0.000000 0.000000 0.000000 1.000000
0.758417 0.118147 -0.640971 0.000000 0.536489 0.445286 0.716868 9.617900 0.370111 -0.887559 0.274328 1.685000 0.000000 0.000000 0.000000 1.000000
0.763083 0.116814 -0.635656 0.000000 0.539875 0.425483 0.726292 9.617900 0.355301 -0.897396 0.261614 1.685000 0.000000 0.000000 0.000000 1.000000
0.768668 0.119078 -0.628466 0.000000 0.539430 0.407337 0.736948 9.617900 0.343752 -0.905482 0.248873 1.685000 0.000000 0.000000 0.000000 1.000000
0.770526 0.129117 -0.624195 0.000000 0.537229 0.395468 0.744976 9.617900 0.343038 -0.909359 0.235353 1.685000 0.000000 0.000000 0.000000 1.000000
0.766372 0.142417 -0.626411 0.000000 0.540887 0.383024 0.748822 9.617900 0.346575 -0.912694 0.216508 1.685000 0.000000 0.000000 0.000000 1.000000
0.761073 0.150972 -0.630852 0.000000 0.546961 0.373462 0.749240 9.617900 0.348713 -0.915278 0.201656 1.685000 0.000000 0.000000 0.000000 1.000000
0.757092 0.146245 -0.636729 0.000000 0.555046 0.370067 0.744966 9.617900 0.344580 -0.917422 0.199002 1.685000 0.000000 0.000000 0.000000 1.000000
0.755261 0.127594 -0.642884 0.000000 0.564743 0.371114 0.737116 9.617900 0.332635 -0.919779 0.208231 1.685000 0.000000 0.000000 0.000000 1.000000
0.754368 0.095688 -0.649441 0.000000 0.573998 0.383885 0.723297 9.617900 0.318521 -0.918410 0.234666 1.685000 0.000000 0.000000 0.000000 1.000000
0.759191 0.067727 -0.647335 0.000000 0.567900 0.416985 0.709657 9.617900 0.317992 -0.906387 0.278109 1.685000 0.000000 0.000000 0.000000 1.000000
0.767863 0.061259 -0.637679 -0.000000 0.552257 0.441160 0.707382 9.617900 0.324652 -0.895335 0.304919 1.685000 0.000000 0.000000 0.000000 1.000000
0.777066 0.067674 -0.625770 0.000000 0.537701 0.445421 0.715875 9.617900 0.327178 -0.892760 0.309733 1.685000 0.000000 0.000000 0.000000 1.000000
0.785127 0.075339 -0.614736 0.000000 0.529010 0.434576 0.728898 9.617900 0.322064 -0.897479 0.301342 1.685000 0.000000 0.000000 0.000000 1.000000
