<?xml version="1.0" encoding="utf-8"?>
<COLLADA xmlns="http://www.collada.org/2005/11/COLLADASchema" version="1.4.1">
  <asset><contributor><author>Mixamo</author><authoring_tool>COLLADA Mixamo exporter</authoring_tool><comments></comments></contributor><created>2018-10-17T09:36:06Z</created><modified>2018-10-17T09:36:06Z</modified><revision></revision><title></title><unit meter="0.010000"/><up_axis>Y_UP</up_axis></asset>
  <library_animations>
    <animation id="mixamorig_Hips-anim" name="mixamorig_Hips"><source id="mixamorig_Hips-Matrix-animation-input"><float_array id="mixamorig_Hips-Matrix-animation-input-array" count="99">

0.000000 0.033333 0.066667 0.100000 0.133333 0.166667 0.200000 0.233333 0.266667 0.300000 0.333333 0.366667 0.400000 0.433333 0.466667 0.500000
0.533333 0.566667 0.600000 0.633333 0.666667 0.700000 0.733333 0.766667 0.800000 0.833333 0.866667 0.900000 0.933333 0.966667 1.000000 1.033333
1.066667 1.100000 1.133333 1.166667 1.200000 1.233333 1.266667 1.300000 1.333333 1.366667 1.400000 1.433333 1.466667 1.500000 1.533333 1.566667
1.600000 1.633333 1.666667 1.700000 1.733333 1.766667 1.800000 1.833333 1.866667 1.900000 1.933333 1.966667 2.000000 2.033333 2.066667 2.100000
2.133333 2.166667 2.200000 2.233333 2.266667 2.300000 2.333333 2.366667 2.400000 2.433333 2.466667 2.500000 2.533333 2.566667 2.600000 2.633333
2.666667 2.700000 2.733333 2.766667 2.800000 2.833333 2.866667 2.900000 2.933333 2.966667 3.000000 3.033333 3.066667 3.100000 3.133333 3.166667
3.200000 3.233333 3.266667</float_array><technique_common><accessor source="#mixamorig_Hips-Matrix-animation-input-array" count="99"><param name="TIME" type="float"/></accessor></technique_common></source><source id="mixamorig_Hips-Matrix-animation-output-transform"><float_array id="mixamorig_Hips-Matrix-animation-output-transform-array" count="1584">

0.730448 0.051563 -0.681019 1.107609 0.001804 0.996997 0.077422 195.089630 0.682966 -0.057782 0.728162 -1.551140 0.000000 0.000000 0.000000 1.000000
0.730448 0.051563 -0.681019 1.107609 0.001804 0.996997 0.077422 195.089630 0.682966 -0.057782 0.728162 -1.551140 0.000000 0.000000 0.000000 1.000000
0.732519 0.051884 -0.678767 1.137769 0.000146 0.997079 0.076373 195.027664 0.680747 -0.056043 0.730372 -1.582289 0.000000 0.000000 0.000000 1.000000
0.735507 0.052375 -0.675490 1.271819 -0.003815 0.997312 0.073173 194.848328 0.677507 -0.051242 0.733729 -1.592497 0.000000 0.000000 0.000000 1.000000
0.737582 0.052798 -0.673191 1.535210 -0.008485 0.997584 0.068944 194.607086 0.675205 -0.045140 0.736248 -1.484714 0.000000 0.000000 0.000000 1.000000
0.740189 0.052949 -0.670311 1.941000 -0.013935 0.997889 0.063437 194.305847 0.672255 -0.037615 0.739364 -1.181706 0.000000 0.000000 0.000000 1.000000
0.743447 0.052276 -0.666748 2.402917 -0.019730 0.998221 0.056266 194.008377 0.668503 -0.028676 0.743156 -0.593673 0.000000 0.000000 0.000000 1.000000
0.746375 0.050255 -0.663626 2.902658 -0.024655 0.998548 0.047888 193.756775 0.665069 -0.019381 0.746530 0.286267 0.000000 0.000000 0.000000 1.000000
0.749293 0.047001 -0.660569 3.505299 -0.029276 0.998854 0.037862 193.579025 0.661591 -0.009031 0.749810 1.529176 0.000000 0.000000 0.000000 1.000000
0.751357 0.042689 -0.658514 4.265251 -0.033405 0.999086 0.026651 193.453979 0.659050 0.001973 0.752097 3.093893 0.000000 0.000000 0.000000 1.000000
0.752533 0.037870 -0.657465 5.174127 -0.037493 0.999190 0.014639 193.364197 0.657487 0.013634 0.753343 4.945959 0.000000 0.000000 0.000000 1.000000
0.749796 0.033003 -0.660846 6.299739 -0.043210 0.999066 0.000867 193.441193 0.660257 0.027905 0.750521 7.116210 0.000000 0.000000 0.000000 1.000000
0.742911 0.028547 -0.668781 7.566290 -0.049064 0.998725 -0.011872 193.763092 0.667589 0.041633 0.743365 9.651810 0.000000 0.000000 0.000000 1.000000
0.738197 0.024774 -0.674130 8.870988 -0.055875 0.998137 -0.024505 194.282761 0.672267 0.055757 0.738206 12.420578 0.000000 0.000000 0.000000 1.000000
0.727360 0.017197 -0.686041 10.311495 -0.065597 0.996851 -0.044560 195.111328 0.683114 0.077414 0.726197 15.301616 0.000000 0.000000 0.000000 1.000000
0.714087 0.012101 -0.699952 11.793333 -0.076590 0.995199 -0.060931 196.076660 0.695855 0.097119 0.711586 18.149948 0.000000 0.000000 0.000000 1.000000
0.697823 0.010453 -0.716194 13.150661 -0.088011 0.993568 -0.071253 197.074951 0.710842 0.112755 0.694255 20.850586 0.000000 0.000000 0.000000 1.000000
0.683048 0.010192 -0.730303 14.374856 -0.100958 0.991622 -0.080586 198.039276 0.723363 0.128774 0.678354 23.292673 0.000000 0.000000 0.000000 1.000000
0.672413 0.012056 -0.740078 15.440495 -0.114311 0.989563 -0.087739 198.987335 0.731296 0.143596 0.666773 25.576853 0.000000 0.000000 0.000000 1.000000
0.660809 0.014268 -0.750418 16.356163 -0.126427 0.987649 -0.092551 199.849487 0.739829 0.156031 0.654452 27.655846 0.000000 0.000000 0.000000 1.000000
0.649349 0.018157 -0.760273 17.008894 -0.136847 0.986186 -0.093328 200.522110 0.748076 0.164644 0.642864 29.601494 0.000000 0.000000 0.000000 1.000000
0.639262 0.021354 -0.768692 17.386415 -0.146189 0.984760 -0.094218 200.935165 0.754965 0.172604 0.632641 31.337755 0.000000 0.000000 0.000000 1.000000
0.630530 0.024013 -0.775793 17.528233 -0.154291 0.983452 -0.094960 201.093002 0.760675 0.179573 0.623800 32.773861 0.000000 0.000000 0.000000 1.000000
0.620731 0.022476 -0.783702 17.587572 -0.159064 0.982411 -0.097811 201.051468 0.767719 0.185373 0.613388 33.987583 0.000000 0.000000 0.000000 1.000000
0.611945 0.020353 -0.790638 17.626492 -0.163701 0.981280 -0.101442 201.105453 0.773773 0.191506 0.603822 35.292557 0.000000 0.000000 0.000000 1.000000
0.605240 0.019201 -0.795811 17.617773 -0.166860 0.980560 -0.103243 201.196793 0.778359 0.195276 0.596678 36.590229 0.000000 0.000000 0.000000 1.000000
0.600006 0.016355 -0.799828 17.490931 -0.165657 0.980661 -0.104218 201.034805 0.782656 0.195028 0.591112 37.657307 0.000000 0.000000 0.000000 1.000000
0.597814 0.013328 -0.801524 17.172363 -0.162017 0.981237 -0.104523 200.468399 0.785092 0.192346 0.588756 38.456512 0.000000 0.000000 0.000000 1.000000
0.597861 0.015135 -0.801457 16.838274 -0.164221 0.980928 -0.103979 200.415146 0.784598 0.193781 0.588944 39.470242 0.000000 0.000000 0.000000 1.000000
0.594617 0.014825 -0.803872 16.733212 -0.164413 0.980944 -0.103524 200.297699 0.787019 0.193725 0.585724 40.514374 0.000000 0.000000 0.000000 1.000000
0.585469 0.015645 -0.810543 16.619326 -0.167256 0.980635 -0.101884 200.412872 0.793253 0.195218 0.576748 41.770226 0.000000 0.000000 0.000000 1.000000
0.572643 0.013544 -0.819693 16.792917 -0.170312 0.980014 -0.102789 200.642181 0.801919 0.198465 0.563505 43.155937 0.000000 0.000000 0.000000 1.000000
0.553879 0.009066 -0.832548 17.269466 -0.175112 0.978843 -0.105840 201.234924 0.813974 0.204412 0.543748 44.839806 0.000000 0.000000 0.000000 1.000000
0.528322 0.002295 -0.849041 17.968643 -0.181258 0.977248 -0.110148 201.979156 0.829471 0.212089 0.516717 46.455498 0.000000 0.000000 0.000000 1.000000
0.501630 -0.003648 -0.865075 18.783461 -0.185643 0.976240 -0.111765 202.732712 0.844928 0.216660 0.489034 47.656269 0.000000 0.000000 0.000000 1.000000
0.484164 -0.006363 -0.874954 19.544167 -0.189741 0.975415 -0.112088 203.591766 0.854156 0.220284 0.471054 48.473248 0.000000 0.000000 0.000000 1.000000
0.484051 -0.007678 -0.875006 19.957350 -0.190972 0.974930 -0.114200 204.110718 0.853946 0.222380 0.470449 48.804897 0.000000 0.000000 0.000000 1.000000
0.491073 -0.010298 -0.871057 20.122299 -0.186864 0.975408 -0.116880 204.019928 0.850840 0.220166 0.477073 48.718266 0.000000 0.000000 0.000000 1.000000
0.496248 -0.013281 -0.868079 20.118126 -0.179418 0.976729 -0.117510 203.411133 0.849439 0.214063 0.482318 48.446758 0.000000 0.000000 0.000000 1.000000
0.498580 -0.015181 -0.866711 19.975672 -0.173120 0.977960 -0.116718 202.802139 0.849381 0.208239 0.484963 48.352783 0.000000 0.000000 0.000000 1.000000
0.496628 -0.013004 -0.867866 19.900707 -0.174694 0.977929 -0.114620 202.890289 0.850202 0.208535 0.483395 48.731186 0.000000 0.000000 0.000000 1.000000
0.490222 -0.013734 -0.871489 19.991480 -0.175766 0.977776 -0.114280 203.021744 0.853691 0.209201 0.476913 49.103271 0.000000 0.000000 0.000000 1.000000
0.479679 -0.016622 -0.877286 20.138788 -0.178512 0.977062 -0.116119 203.339783 0.859093 0.212306 0.465709 49.328289 0.000000 0.000000 0.000000 1.000000
0.471191 -0.017916 -0.881849 20.237144 -0.183042 0.976042 -0.117633 203.840103 0.862830 0.216843 0.456623 49.303356 0.000000 0.000000 0.000000 1.000000
0.468793 -0.016976 -0.883145 20.208426 -0.187457 0.975129 -0.118251 204.379333 0.863188 0.220987 0.453951 48.981419 0.000000 0.000000 0.000000 1.000000
0.469029 -0.018769 -0.882984 20.128418 -0.188548 0.974597 -0.120870 204.715225 0.862822 0.223177 0.453575 48.353664 0.000000 0.000000 0.000000 1.000000
0.468654 -0.021636 -0.883117 20.034632 -0.188370 0.974260 -0.123834 204.985535 0.863064 0.224388 0.452515 47.571056 0.000000 0.000000 0.000000 1.000000
0.469421 -0.024895 -0.882623 19.894341 -0.186932 0.974143 -0.126896 205.229584 0.862960 0.224559 0.452630 46.574097 0.000000 0.000000 0.000000 1.000000
0.470556 -0.028389 -0.881913 19.686853 -0.184135 0.974318 -0.129611 205.328583 0.862943 0.223381 0.453244 45.363609 0.000000 0.000000 0.000000 1.000000
0.472046 -0.032117 -0.880989 19.381180 -0.180288 0.974698 -0.132135 205.317383 0.862942 0.221205 0.454312 44.092590 0.000000 0.000000 0.000000 1.000000
0.474194 -0.036049 -0.879682 18.959322 -0.175240 0.975305 -0.134431 205.193497 0.862804 0.217902 0.456167 42.714775 0.000000 0.000000 0.000000 1.000000
0.476725 -0.040029 -0.878140 18.389057 -0.168364 0.976311 -0.135905 205.059189 0.862778 0.212637 0.458693 41.185032 0.000000 0.000000 0.000000 1.000000
0.480889 -0.045466 -0.875602 17.732983 -0.161147 0.977059 -0.139237 204.966064 0.861846 0.208059 0.462530 39.492325 0.000000 0.000000 0.000000 1.000000
0.488169 -0.050425 -0.871291 16.994856 -0.154542 0.977559 -0.143162 204.904755 0.858957 0.204538 0.469422 37.644600 0.000000 0.000000 0.000000 1.000000
0.497530 -0.054757 -0.865717 16.234335 -0.147909 0.978036 -0.146865 204.744202 0.854744 0.201117 0.478503 35.640934 0.000000 0.000000 0.000000 1.000000
0.507312 -0.058456 -0.859777 15.441251 -0.141604 0.978481 -0.150080 204.514923 0.850048 0.197886 0.488118 33.548187 0.000000 0.000000 0.000000 1.000000
0.517206 -0.062880 -0.853548 14.520109 -0.132946 0.979289 -0.152702 204.128693 0.845472 0.192454 0.498135 31.184553 0.000000 0.000000 0.000000 1.000000
0.528524 -0.068235 -0.846172 13.437879 -0.121003 0.980532 -0.154649 203.630402 0.840251 0.184125 0.509977 28.592318 0.000000 0.000000 0.000000 1.000000
0.541188 -0.073015 -0.837725 12.225841 -0.107375 0.982068 -0.154962 202.955780 0.834018 0.173814 0.523644 25.761061 0.000000 0.000000 0.000000 1.000000
0.557227 -0.075388 -0.826931 10.761845 -0.092096 0.984115 -0.151777 202.069885 0.825237 0.160732 0.541432 22.569963 0.000000 0.000000 0.000000 1.000000
0.577576 -0.075149 -0.812871 9.108448 -0.075812 0.986513 -0.145070 201.092590 0.812809 0.145414 0.564089 19.271080 0.000000 0.000000 0.000000 1.000000
0.600845 -0.072528 -0.796069 7.300561 -0.061421 0.988742 -0.136440 200.191833 0.797003 0.130875 0.589626 16.080091 0.000000 0.000000 0.000000 1.000000
0.622737 -0.069719 -0.779319 5.484843 -0.049613 0.990499 -0.128256 199.442673 0.780857 0.118534 0.613362 13.008121 0.000000 0.000000 0.000000 1.000000
0.636140 -0.069401 -0.768446 3.881521 -0.037795 0.991948 -0.120874 198.877899 0.770648 0.105936 0.628395 10.141153 0.000000 0.000000 0.000000 1.000000
0.641907 -0.069430 -0.763633 2.470443 -0.026399 0.993301 -0.112502 198.661926 0.766328 0.092375 0.635774 7.682952 0.000000 0.000000 0.000000 1.000000
0.644151 -0.069236 -0.761759 1.224881 -0.016070 0.994450 -0.103974 198.726273 0.764730 0.079217 0.639463 5.540039 0.000000 0.000000 0.000000 1.000000
0.645600 -0.067947 -0.760647 0.055763 -0.004622 0.995668 -0.092864 199.068024 0.763662 0.063469 0.642489 3.842145 0.000000 0.000000 0.000000 1.000000
0.648188 -0.068334 -0.758408 -1.005420 0.006452 0.996423 -0.084264 199.478760 0.761453 0.049726 0.646310 2.466109 0.000000 0.000000 0.000000 1.000000
0.650022 -0.066848 -0.756970 -1.948059 0.016336 0.997122 -0.074029 199.838089 0.759740 0.035754 0.649243 1.388682 0.000000 0.000000 0.000000 1.000000
0.655065 -0.064524 -0.752812 -2.790154 0.026063 0.997684 -0.062834 200.086227 0.755123 0.021540 0.655229 0.594087 0.000000 0.000000 0.000000 1.000000
0.659084 -0.063688 -0.749367 -3.441892 0.034559 0.997920 -0.054417 200.267365 0.751275 0.009969 0.659915 0.089203 0.000000 0.000000 0.000000 1.000000
0.664284 -0.062122 -0.744894 -4.007555 0.041339 0.998069 -0.046371 200.316315 0.746336 0.000010 0.665569 -0.260130 0.000000 0.000000 0.000000 1.000000
0.670109 -0.058811 -0.739929 -4.469058 0.045686 0.998234 -0.037966 200.256744 0.740855 -0.008363 0.671613 -0.435770 0.000000 0.000000 0.000000 1.000000
0.674155 -0.055774 -0.736481 -4.736934 0.048511 0.998335 -0.031198 200.113617 0.736995 -0.014695 0.675738 -0.455988 0.000000 0.000000 0.000000 1.000000
0.677109 -0.051903 -0.734050 -4.818883 0.048650 0.998485 -0.025724 199.894104 0.734272 -0.018294 0.678608 -0.348446 0.000000 0.000000 0.000000 1.000000
0.680151 -0.047646 -0.731522 -4.864154 0.048341 0.998629 -0.020098 199.545502 0.731477 -0.021693 0.681521 -0.153407 0.000000 0.000000 0.000000 1.000000
0.683263 -0.043031 -0.728903 -5.002532 0.047588 0.998764 -0.014354 198.979034 0.728620 -0.024880 0.684466 0.078808 0.000000 0.000000 0.000000 1.000000
0.686427 -0.038095 -0.726201 -5.104010 0.046414 0.998886 -0.008528 198.064056 0.725716 -0.027852 0.687430 0.370098 0.000000 0.000000 0.000000 1.000000
0.689624 -0.032864 -0.723421 -5.149527 0.044823 0.998991 -0.002654 196.860931 0.722779 -0.030596 0.690402 0.733653 0.000000 0.000000 0.000000 1.000000
0.692825 -0.027415 -0.720584 -5.005795 0.042899 0.999074 0.003237 195.604019 0.719828 -0.033155 0.693360 1.085341 0.000000 0.000000 0.000000 1.000000
0.696001 -0.021804 -0.717710 -4.741724 0.040696 0.999130 0.009112 194.680786 0.716887 -0.035550 0.696283 1.422868 0.000000 0.000000 0.000000 1.000000
0.699118 -0.016030 -0.714826 -4.454956 0.038486 0.999143 0.015234 193.835159 0.713970 -0.038161 0.699136 1.652980 0.000000 0.000000 0.000000 1.000000
0.702180 -0.010272 -0.711925 -4.053342 0.035950 0.999132 0.021042 193.328766 0.711091 -0.040369 0.701940 1.758520 0.000000 0.000000 0.000000 1.000000
0.705168 -0.004492 -0.709026 -3.618431 0.033248 0.999089 0.026738 193.395493 0.708260 -0.042429 0.704675 1.973499 0.000000 0.000000 0.000000 1.000000
0.708052 0.001227 -0.706159 -3.250937 0.030473 0.999014 0.032291 193.942734 0.705503 -0.044383 0.707316 1.923376 0.000000 0.000000 0.000000 1.000000
0.710818 0.006844 -0.703343 -2.633615 0.027654 0.998908 0.037669 194.776031 0.702832 -0.046226 0.709852 1.883419 0.000000 0.000000 0.000000 1.000000
0.713459 0.012351 -0.700588 -2.026422 0.024773 0.998775 0.042836 195.499680 0.700259 -0.047917 0.712279 1.752763 0.000000 0.000000 0.000000 1.000000
0.715966 0.017733 -0.697910 -1.591760 0.021819 0.998621 0.047758 195.768112 0.697794 -0.049421 0.714592 1.595683 0.000000 0.000000 0.000000 1.000000
0.718305 0.022873 -0.695352 -1.231775 0.018941 0.998446 0.052409 195.875458 0.695470 -0.050817 0.716756 1.567163 0.000000 0.000000 0.000000 1.000000
0.720459 0.027704 -0.692943 -0.859924 0.016207 0.998256 0.056762 195.898743 0.693308 -0.052125 0.718754 1.396090 0.000000 0.000000 0.000000 1.000000
0.722435 0.032228 -0.690688 -0.549039 0.013586 0.998059 0.060781 195.901352 0.691306 -0.053294 0.720594 1.074117 0.000000 0.000000 0.000000 1.000000
0.724224 0.036399 -0.688603 -0.254649 0.011116 0.997860 0.064438 195.866806 0.689475 -0.054322 0.722269 0.812893 0.000000 0.000000 0.000000 1.000000
0.725809 0.040151 -0.686723 0.109240 0.008868 0.997666 0.067704 195.805450 0.687839 -0.055230 0.723759 0.374859 0.000000 0.000000 0.000000 1.000000
0.727175 0.043440 -0.685076 0.444502 0.006878 0.997485 0.070549 195.718506 0.686418 -0.056014 0.725047 -0.154232 0.000000 0.000000 0.000000 1.000000
0.728317 0.046233 -0.683679 0.677433 0.005164 0.997323 0.072944 195.611801 0.685221 -0.056657 0.726128 -0.551872 0.000000 0.000000 0.000000 1.000000
0.729225 0.048483 -0.682554 0.822183 0.003770 0.997187 0.074859 195.490662 0.684263 -0.057162 0.726991 -0.908058 0.000000 0.000000 0.000000 1.000000
0.729894 0.050164 -0.681718 0.932221 0.002701 0.997084 0.076262 195.360641 0.683555 -0.057505 0.727630 -1.157929 0.000000 0.000000 0.000000 1.000000
0.730307 0.051211 -0.681196 1.024867 0.002026 0.997019 0.077126 195.225830 0.683116 -0.057706 0.728027 -1.366061 0.000000 0.000000 0.000000 1.000000
0.730448 0.051548 -0.681020 1.107471 0.001804 0.996998 0.077401 195.089691 0.682966 -0.057766 0.728163 -1.550807 0.000000 0.000000 0.000000 1.000000</float_array><technique_common><accessor source="#mixamorig_Hips-Matrix-animation-output-transform-array" count="99" stride="16"><param type="float4x4"/></accessor></technique_common></source><source id="mixamorig_Hips-Interpolations"><Name_array id="mixamorig_Hips-Interpolations-array" count="99">
 LINEAR LINEAR LINEAR LINEAR LINEAR LINEAR LINEAR LINEAR LINEAR LINEAR LINEAR
LINEAR LINEAR LINEAR LINEAR LINEAR LINEAR LINEAR LINEAR LINEAR LINEAR LINEAR LINEAR
LINEAR LINEAR LINEAR LINEAR LINEAR LINEAR LINEAR LINEAR LINEAR LINEAR LINEAR LINEAR
LINEAR LINEAR LINEAR LINEAR LINEAR LINEAR LINEAR LINEAR LINEAR LINEAR LINEAR LINEAR
LINEAR LINEAR LINEAR LINEAR LINEAR LINEAR LINEAR LINEAR LINEAR LINEAR LINEAR LINEAR
LINEAR LINEAR LINEAR LINEAR LINEAR LINEAR LINEAR LINEAR LINEAR LINEAR LINEAR LINEAR
LINEAR LINEAR LINEAR LINEAR LINEAR LINEAR LINEAR LINEAR LINEAR LINEAR LINEAR LINEAR
LINEAR LINEAR LINEAR LINEAR LINEAR LINEAR LINEAR LINEAR LINEAR LINEAR LINEAR LINEAR
LINEAR LINEAR LINEAR LINEAR</Name_array><technique_common><accessor source="#mixamorig_Hips-Interpolations-array" count="99"><param type="name"/></accessor></technique_common></source><sampler id="mixamorig_Hips-Matrix-animation-transform"><input semantic="INPUT" source="#mixamorig_Hips-Matrix-animation-input"/><input semantic="OUTPUT" source="#mixamorig_Hips-Matrix-animation-output-transform"/><input semantic="INTERPOLATION" source="#mixamorig_Hips-Interpolations"/></sampler><channel source="#mixamorig_Hips-Matrix-animation-transform" target="mixamorig_Hips/matrix"/></animation>
    <animation id="mixamorig_Spine-anim" name="mixamorig_Spine"><source id="mixamorig_Spine-Matrix-animation-input"><float_array id="mixamorig_Spine-Matrix-animation-input-array" count="99">

0.000000 0.033333 0.066667 0.100000 0.133333 0.166667 0.200000 0.233333 0.266667 0.300000 0.333333 0.366667 0.400000 0.433333 0.466667 0.500000
0.533333 0.566667 0.600000 0.633333 0.666667 0.700000 0.733333 0.766667 0.800000 0.833333 0.866667 0.900000 0.933333 0.966667 1.000000 1.033333
1.066667 1.100000 1.133333 1.166667 1.200000 1.233333 1.266667 1.300000 1.333333 1.366667 1.400000 1.433333 1.466667 1.500000 1.533333 1.566667
1.600000 1.633333 1.666667 1.700000 1.733333 1.766667 1.800000 1.833333 1.866667 1.900000 1.933333 1.966667 2.000000 2.033333 2.066667 2.100000
2.133333 2.166667 2.200000 2.233333 2.266667 2.300000 2.333333 2.366667 2.400000 2.433333 2.466667 2.500000 2.533333 2.566667 2.600000 2.633333
2.666667 2.700000 2.733333 2.766667 2.800000 2.833333 2.866667 2.900000 2.933333 2.966667 3.000000 3.033333 3.066667 3.100000 3.133333 3.166667
3.200000 3.233333 3.266667</float_array><technique_common><accessor source="#mixamorig_Spine-Matrix-animation-input-array" count="99"><param name="TIME" type="float"/></accessor></technique_common></source><source id="mixamorig_Spine-Matrix-animation-output-transform"><float_array id="mixamorig_Spine-Matrix-animation-output-transform-array" count="1584">

0.996647 0.021064 0.079058 -0.200200 -0.012999 0.994784 -0.101173 19.804701 -0.080777 0.099807 0.991723 -3.890100 0.000000 0.000000 0.000000 1.000000
0.996647 0.021064 0.079058 -0.200200 -0.012999 0.994784 -0.101173 19.804701 -0.080777 0.099807 0.991723 -3.890100 0.000000 0.000000 0.000000 1.000000
0.996674 0.020792 0.078791 -0.200200 -0.012746 0.994776 -0.101287 19.804701 -0.080485 0.099946 0.991732 -3.890100 0.000000 0.000000 0.000000 1.000000
0.996740 0.020288 0.078085 -0.200200 -0.012293 0.994756 -0.101533 19.804701 -0.079735 0.100242 0.991763 -3.890100 0.000000 0.000000 0.000000 1.000000
0.996791 0.019681 0.077590 -0.200200 -0.011696 0.994710 -0.102055 19.804701 -0.079188 0.100820 0.991748 -3.890100 0.000000 0.000000 0.000000 1.000000
0.996779 0.019106 0.077891 -0.200200 -0.011038 0.994648 -0.102733 19.804701 -0.079437 0.101542 0.991655 -3.890100 0.000000 0.000000 0.000000 1.000000
0.996743 0.018804 0.078419 -0.200200 -0.010620 0.994573 -0.103498 19.804701 -0.079939 0.102328 0.991533 -3.890100 0.000000 0.000000 0.000000 1.000000
0.996750 0.019202 0.078230 -0.200200 -0.010970 0.994483 -0.104322 19.804701 -0.079801 0.103125 0.991462 -3.890100 0.000000 0.000000 0.000000 1.000000
0.996738 0.020151 0.078151 -0.200200 -0.011840 0.994361 -0.105385 19.804701 -0.079834 0.104116 0.991356 -3.890100 0.000000 0.000000 0.000000 1.000000
0.996710 0.021452 0.078154 -0.200200 -0.013039 0.994216 -0.106602 19.804701 -0.079989 0.105232 0.991226 -3.890100 0.000000 0.000000 0.000000 1.000000
0.996668 0.023186 0.078200 -0.200200 -0.014667 0.994064 -0.107799 19.804701 -0.080235 0.106293 0.991092 -3.890100 0.000000 0.000000 0.000000 1.000000
0.996568 0.025171 0.078855 -0.200200 -0.016473 0.993897 -0.109072 19.804701 -0.081120 0.107398 0.990901 -3.890100 0.000000 0.000000 0.000000 1.000000
0.996482 0.027903 0.079031 -0.200200 -0.019035 0.993658 -0.110822 19.804701 -0.081622 0.108927 0.990693 -3.890100 0.000000 0.000000 0.000000 1.000000
0.996509 0.030390 0.077752 -0.200200 -0.021534 0.993441 -0.112304 19.804701 -0.080655 0.110238 0.990627 -3.890100 0.000000 0.000000 0.000000 1.000000
0.996480 0.033344 0.076912 -0.200200 -0.024608 0.993419 -0.111861 19.804701 -0.080136 0.109575 0.990743 -3.890100 0.000000 0.000000 0.000000 1.000000
0.996490 0.035579 0.075780 -0.200200 -0.026926 0.993311 -0.112284 19.804701 -0.079268 0.109849 0.990782 -3.890100 0.000000 0.000000 0.000000 1.000000
0.996583 0.037133 0.073785 -0.200200 -0.028601 0.993126 -0.113502 19.804701 -0.077493 0.111004 0.990794 -3.890100 0.000000 0.000000 0.000000 1.000000
0.996783 0.037759 0.070692 -0.200200 -0.029509 0.993006 -0.114314 19.804701 -0.074515 0.111861 0.990926 -3.890100 0.000000 0.000000 0.000000 1.000000
0.996977 0.037076 0.068280 -0.200200 -0.029042 0.992929 -0.115100 19.804701 -0.072065 0.112769 0.991004 -3.890100 0.000000 0.000000 0.000000 1.000000
0.997082 0.035959 0.067331 -0.200200 -0.028005 0.992904 -0.115570 19.804701 -0.071009 0.113347 0.991015 -3.890100 0.000000 0.000000 0.000000 1.000000
0.997165 0.034981 0.066622 -0.200200 -0.027052 0.992833 -0.116407 19.804701 -0.070216 0.114275 0.990965 -3.890100 0.000000 0.000000 0.000000 1.000000
0.997228 0.034254 0.066046 -0.200200 -0.026381 0.992829 -0.116596 19.804701 -0.069566 0.114531 0.990981 -3.890100 0.000000 0.000000 0.000000 1.000000
0.997267 0.033873 0.065667 -0.200200 -0.026033 0.992817 -0.116773 19.804701 -0.069150 0.114744 0.990985 -3.890100 0.000000 0.000000 0.000000 1.000000
0.997222 0.034948 0.065787 -0.200200 -0.027082 0.992779 -0.116862 19.804701 -0.069396 0.114755 0.990967 -3.890100 0.000000 0.000000 0.000000 1.000000
0.997196 0.035305 0.065981 -0.200200 -0.027441 0.992812 -0.116498 19.804701 -0.069620 0.114361 0.990997 -3.890100 0.000000 0.000000 0.000000 1.000000
0.997197 0.035133 0.066053 -0.200200 -0.027275 0.992839 -0.116308 19.804701 -0.069666 0.114180 0.991014 -3.890100 0.000000 0.000000 0.000000 1.000000
0.997170 0.036207 0.065886 -0.200200 -0.028368 0.992814 -0.116257 19.804701 -0.069622 0.114059 0.991031 -3.890100 0.000000 0.000000 0.000000 1.000000
0.997178 0.037851 0.064840 -0.200200 -0.030145 0.992797 -0.115957 19.804701 -0.068762 0.113675 0.991136 -3.890100 0.000000 0.000000 0.000000 1.000000
0.997232 0.036737 0.064646 -0.200200 -0.029077 0.992862 -0.115668 19.804701 -0.068434 0.113468 0.991182 -3.890100 0.000000 0.000000 0.000000 1.000000
0.997205 0.036036 0.065443 -0.200200 -0.028292 0.992889 -0.115634 19.804701 -0.069145 0.113459 0.991134 -3.890100 0.000000 0.000000 0.000000 1.000000
0.997128 0.035546 0.066867 -0.200200 -0.027675 0.992962 -0.115157 19.804701 -0.070490 0.112976 0.991094 -3.890100 0.000000 0.000000 0.000000 1.000000
0.997011 0.035507 0.068622 -0.200200 -0.027525 0.993105 -0.113953 19.804701 -0.072195 0.111723 0.991113 -3.890100 0.000000 0.000000 0.000000 1.000000
0.996908 0.035503 0.070099 -0.200200 -0.027490 0.993312 -0.112139 19.804701 -0.073611 0.109866 0.991217 -3.890100 0.000000 0.000000 0.000000 1.000000
0.996763 0.036087 0.071840 -0.200200 -0.028015 0.993496 -0.110363 19.804701 -0.075355 0.107993 0.991292 -3.890100 0.000000 0.000000 0.000000 1.000000
0.996590 0.037707 0.073396 -0.200200 -0.029467 0.993464 -0.110273 19.804701 -0.077074 0.107734 0.991188 -3.890100 0.000000 0.000000 0.000000 1.000000
0.996635 0.038501 0.072360 -0.200200 -0.030307 0.993346 -0.111110 19.804701 -0.076156 0.108543 0.991170 -3.890100 0.000000 0.000000 0.000000 1.000000
0.996937 0.038988 0.067796 -0.200200 -0.031248 0.993250 -0.111701 19.804701 -0.071693 0.109240 0.991427 -3.890100 0.000000 0.000000 0.000000 1.000000
0.997181 0.040789 0.062985 -0.200200 -0.033530 0.993109 -0.112291 19.804701 -0.067131 0.109863 0.991677 -3.890100 0.000000 0.000000 0.000000 1.000000
0.997289 0.044040 0.058942 -0.200200 -0.037153 0.992875 -0.113224 19.804701 -0.063508 0.110727 0.991820 -3.890100 0.000000 0.000000 0.000000 1.000000
0.997191 0.047044 0.058284 -0.200200 -0.040179 0.992689 -0.113817 19.804701 -0.063213 0.111156 0.991791 -3.890100 0.000000 0.000000 0.000000 1.000000
0.997091 0.046879 0.060094 -0.200200 -0.039776 0.992639 -0.114393 19.804701 -0.065014 0.111670 0.991616 -3.890100 0.000000 0.000000 0.000000 1.000000
0.996976 0.046724 0.062097 -0.200200 -0.039401 0.992662 -0.114323 19.804701 -0.066983 0.111531 0.991501 -3.890100 0.000000 0.000000 0.000000 1.000000
0.996903 0.046450 0.063464 -0.200200 -0.039038 0.992782 -0.113405 19.804701 -0.068274 0.110576 0.991520 -3.890100 0.000000 0.000000 0.000000 1.000000
0.996877 0.045630 0.064452 -0.200200 -0.038165 0.992903 -0.112639 19.804701 -0.069134 0.109827 0.991543 -3.890100 0.000000 0.000000 0.000000 1.000000
0.996954 0.044348 0.064150 -0.200200 -0.036944 0.992983 -0.112335 19.804701 -0.068682 0.109622 0.991598 -3.890100 0.000000 0.000000 0.000000 1.000000
0.997023 0.044060 0.063277 -0.200200 -0.036789 0.993048 -0.111811 19.804701 -0.067764 0.109150 0.991713 -3.890100 0.000000 0.000000 0.000000 1.000000
0.997078 0.044160 0.062335 -0.200200 -0.037023 0.993093 -0.111334 19.804701 -0.066821 0.108701 0.991826 -3.890100 0.000000 0.000000 0.000000 1.000000
0.997085 0.044511 0.061967 -0.200200 -0.037426 0.993101 -0.111133 19.804701 -0.066486 0.108490 0.991872 -3.890100 0.000000 0.000000 0.000000 1.000000
0.997029 0.045420 0.062211 -0.200200 -0.038299 0.993056 -0.111230 19.804701 -0.066831 0.108517 0.991846 -3.890100 0.000000 0.000000 0.000000 1.000000
0.996952 0.046225 0.062850 -0.200200 -0.039035 0.993034 -0.111176 19.804701 -0.067551 0.108384 0.991811 -3.890100 0.000000 0.000000 0.000000 1.000000
0.996862 0.047144 0.063584 -0.200200 -0.039881 0.993018 -0.111019 19.804701 -0.068374 0.108135 0.991782 -3.890100 0.000000 0.000000 0.000000 1.000000
0.996732 0.048760 0.064400 -0.200200 -0.041400 0.992952 -0.111051 19.804701 -0.069361 0.108022 0.991726 -3.890100 0.000000 0.000000 0.000000 1.000000
0.996632 0.050175 0.064868 -0.200200 -0.042784 0.992933 -0.110697 19.804701 -0.069964 0.107549 0.991735 -3.890100 0.000000 0.000000 0.000000 1.000000
0.996623 0.050513 0.064737 -0.200200 -0.043162 0.992960 -0.110303 19.804701 -0.069853 0.107137 0.991787 -3.890100 0.000000 0.000000 0.000000 1.000000
0.996667 0.050077 0.064404 -0.200200 -0.042769 0.992986 -0.110225 19.804701 -0.069472 0.107103 0.991818 -3.890100 0.000000 0.000000 0.000000 1.000000
0.996697 0.049031 0.064745 -0.200200 -0.041698 0.993042 -0.110127 19.804701 -0.069695 0.107064 0.991806 -3.890100 0.000000 0.000000 0.000000 1.000000
0.996709 0.048347 0.065063 -0.200200 -0.040986 0.993079 -0.110061 19.804701 -0.069934 0.107033 0.991793 -3.890100 0.000000 0.000000 0.000000 1.000000
0.996700 0.048085 0.065401 -0.200200 -0.040691 0.993095 -0.110031 19.804701 -0.070240 0.107007 0.991774 -3.890100 0.000000 0.000000 0.000000 1.000000
0.996737 0.047732 0.065086 -0.200200 -0.040362 0.993091 -0.110184 19.804701 -0.069896 0.107197 0.991778 -3.890100 0.000000 0.000000 0.000000 1.000000
0.996851 0.046827 0.063997 -0.200200 -0.039540 0.993063 -0.110735 19.804701 -0.068739 0.107856 0.991787 -3.890100 0.000000 0.000000 0.000000 1.000000
0.997009 0.044912 0.062896 -0.200200 -0.037696 0.993044 -0.111543 19.804701 -0.067468 0.108838 0.991767 -3.890100 0.000000 0.000000 0.000000 1.000000
0.997207 0.041774 0.061904 -0.200200 -0.034663 0.993127 -0.111791 19.804701 -0.066149 0.109333 0.991802 -3.890100 0.000000 0.000000 0.000000 1.000000
0.997391 0.037659 0.061588 -0.200200 -0.030646 0.993338 -0.111085 19.804701 -0.065361 0.108908 0.991901 -3.890100 0.000000 0.000000 0.000000 1.000000
0.997455 0.034786 0.062231 -0.200200 -0.027793 0.993555 -0.109894 19.804701 -0.065653 0.107885 0.991993 -3.890100 0.000000 0.000000 0.000000 1.000000
0.997431 0.032759 0.063710 -0.200200 -0.025682 0.993723 -0.108882 19.804701 -0.066877 0.106966 0.992011 -3.890100 0.000000 0.000000 0.000000 1.000000
0.997357 0.030994 0.065719 -0.200200 -0.023781 0.993885 -0.107831 19.804701 -0.068660 0.105984 0.991995 -3.890100 0.000000 0.000000 0.000000 1.000000
0.997290 0.030153 0.067109 -0.200200 -0.022816 0.993941 -0.107525 19.804701 -0.069944 0.105702 0.991935 -3.890100 0.000000 0.000000 0.000000 1.000000
0.997229 0.029954 0.068096 -0.200200 -0.022571 0.994034 -0.106711 19.804701 -0.070886 0.104878 0.991955 -3.890100 0.000000 0.000000 0.000000 1.000000
0.997151 0.029675 0.069348 -0.200200 -0.022199 0.994098 -0.106190 19.804701 -0.072089 0.104348 0.991925 -3.890100 0.000000 0.000000 0.000000 1.000000
0.997139 0.029043 0.069783 -0.200200 -0.021547 0.994147 -0.105869 19.804701 -0.072449 0.104063 0.991928 -3.890100 0.000000 0.000000 0.000000 1.000000
0.997107 0.028532 0.070450 -0.200200 -0.021021 0.994235 -0.105145 19.804701 -0.073044 0.103360 0.991958 -3.890100 0.000000 0.000000 0.000000 1.000000
0.997094 0.028030 0.070833 -0.200200 -0.020544 0.994335 -0.104290 19.804701 -0.073355 0.102532 0.992021 -3.890100 0.000000 0.000000 0.000000 1.000000
0.997093 0.027331 0.071130 -0.200200 -0.019868 0.994422 -0.103588 19.804701 -0.073564 0.101873 0.992074 -3.890100 0.000000 0.000000 0.000000 1.000000
0.997056 0.026683 0.071882 -0.200200 -0.019198 0.994508 -0.102884 19.804701 -0.074233 0.101201 0.992093 -3.890100 0.000000 0.000000 0.000000 1.000000
0.997004 0.025444 0.073049 -0.200200 -0.017910 0.994624 -0.101989 19.804701 -0.075252 0.100375 0.992100 -3.890100 0.000000 0.000000 0.000000 1.000000
0.996951 0.024519 0.074083 -0.200200 -0.016939 0.994715 -0.101266 19.804701 -0.076175 0.099702 0.992097 -3.890100 0.000000 0.000000 0.000000 1.000000
0.996894 0.024244 0.074935 -0.200200 -0.016666 0.994834 -0.100136 19.804701 -0.076975 0.098576 0.992148 -3.890100 0.000000 0.000000 0.000000 1.000000
0.996842 0.024100 0.075660 -0.200200 -0.016571 0.994989 -0.098599 19.804701 -0.077657 0.097034 0.992247 -3.890100 0.000000 0.000000 0.000000 1.000000
0.996801 0.023903 0.076269 -0.200200 -0.016452 0.995161 -0.096870 19.804701 -0.078215 0.095305 0.992371 -3.890100 0.000000 0.000000 0.000000 1.000000
0.996772 0.023436 0.076790 -0.200200 -0.016046 0.995302 -0.095479 19.804701 -0.078667 0.093939 0.992465 -3.890100 0.000000 0.000000 0.000000 1.000000
0.996749 0.023151 0.077176 -0.200200 -0.015804 0.995401 -0.094481 19.804701 -0.079008 0.092955 0.992531 -3.890100 0.000000 0.000000 0.000000 1.000000
0.996720 0.023540 0.077427 -0.200200 -0.016230 0.995466 -0.093719 19.804701 -0.079282 0.092155 0.992583 -3.890100 0.000000 0.000000 0.000000 1.000000
0.996699 0.023645 0.077667 -0.200200 -0.016321 0.995475 -0.093616 19.804701 -0.079529 0.092039 0.992574 -3.890100 0.000000 0.000000 0.000000 1.000000
0.996686 0.023507 0.077873 -0.200200 -0.016176 0.995491 -0.093470 19.804701 -0.079719 0.091901 0.992572 -3.890100 0.000000 0.000000 0.000000 1.000000
0.996666 0.024104 0.077950 -0.200200 -0.016694 0.995399 -0.094352 19.804701 -0.079866 0.092736 0.992482 -3.890100 0.000000 0.000000 0.000000 1.000000
0.996664 0.023472 0.078166 -0.200200 -0.015897 0.995240 -0.096150 19.804701 -0.080050 0.094587 0.992293 -3.890100 0.000000 0.000000 0.000000 1.000000
0.996665 0.022733 0.078374 -0.200200 -0.015000 0.995084 -0.097889 19.804701 -0.080214 0.096387 0.992107 -3.890100 0.000000 0.000000 0.000000 1.000000
0.996659 0.022679 0.078462 -0.200200 -0.014891 0.995031 -0.098449 19.804701 -0.080305 0.096952 0.992044 -3.890100 0.000000 0.000000 0.000000 1.000000
0.996655 0.022449 0.078582 -0.200200 -0.014689 0.995082 -0.097962 19.804701 -0.080395 0.096480 0.992083 -3.890100 0.000000 0.000000 0.000000 1.000000
0.996646 0.022458 0.078686 -0.200200 -0.014752 0.995157 -0.097184 19.804701 -0.080487 0.095697 0.992151 -3.890100 0.000000 0.000000 0.000000 1.000000
0.996635 0.022874 0.078711 -0.200200 -0.015187 0.995178 -0.096906 19.804701 -0.080548 0.095385 0.992176 -3.890100 0.000000 0.000000 0.000000 1.000000
0.996631 0.022919 0.078750 -0.200200 -0.015222 0.995169 -0.096986 19.804701 -0.080592 0.095460 0.992165 -3.890100 0.000000 0.000000 0.000000 1.000000
0.996632 0.022647 0.078817 -0.200200 -0.014854 0.995066 -0.098093 19.804701 -0.080650 0.096592 0.992051 -3.890100 0.000000 0.000000 0.000000 1.000000
0.996636 0.022148 0.078912 -0.200200 -0.014233 0.994937 -0.099486 19.804701 -0.080716 0.098028 0.991905 -3.890100 0.000000 0.000000 0.000000 1.000000
0.996641 0.021570 0.079007 -0.200200 -0.013567 0.994848 -0.100469 19.804701 -0.080767 0.099060 0.991798 -3.890100 0.000000 0.000000 0.000000 1.000000
0.996643 0.021275 0.079057 -0.200200 -0.013216 0.994789 -0.101091 19.804701 -0.080796 0.099707 0.991731 -3.890100 0.000000 0.000000 0.000000 1.000000
0.996645 0.021053 0.079087 -0.200200 -0.012984 0.994783 -0.101187 19.804701 -0.080805 0.099820 0.991719 -3.890100 0.000000 0.000000 0.000000 1.000000
0.996647 0.020876 0.079118 -0.200200 -0.012818 0.994801 -0.101026 19.804701 -0.080816 0.099673 0.991733 -3.890100 0.000000 0.000000 0.000000 1.000000
0.996648 0.020803 0.079119 -0.200200 -0.012734 0.994790 -0.101152 19.804701 -0.080811 0.099805 0.991720 -3.890100 0.000000 0.000000 0.000000 1.000000</float_array><technique_common><accessor source="#mixamorig_Spine-Matrix-animation-output-transform-array" count="99" stride="16"><param type="float4x4"/></accessor></technique_common></source><source id="mixamorig_Spine-Interpolations"><Name_array id="mixamorig_Spine-Interpolations-array" count="99">
 LINEAR LINEAR LINEAR LINEAR LINEAR LINEAR LINEAR LINEAR LINEAR LINEAR LINEAR
LINEAR LINEAR LINEAR LINEAR LINEAR LINEAR LINEAR LINEAR LINEAR LINEAR LINEAR LINEAR
LINEAR LINEAR LINEAR LINEAR LINEAR LINEAR LINEAR LINEAR LINEAR LINEAR LINEAR LINEAR
LINEAR LINEAR LINEAR LINEAR LINEAR LINEAR LINEAR LINEAR LINEAR LINEAR LINEAR LINEAR
LINEAR LINEAR LINEAR LINEAR LINEAR LINEAR LINEAR LINEAR LINEAR LINEAR LINEAR LINEAR
LINEAR LINEAR LINEAR LINEAR LINEAR LINEAR LINEAR LINEAR LINEAR LINEAR LINEAR LINEAR
LINEAR LINEAR LINEAR LINEAR LINEAR LINEAR LINEAR LINEAR LINEAR LINEAR LINEAR LINEAR
LINEAR LINEAR LINEAR LINEAR LINEAR LINEAR LINEAR LINEAR LINEAR LINEAR LINEAR LINEAR
LINEAR LINEAR LINEAR LINEAR</Name_array><technique_common><accessor source="#mixamorig_Spine-Interpolations-array" count="99"><param type="name"/></accessor></technique_common></source><sampler id="mixamorig_Spine-Matrix-animation-transform"><input semantic="INPUT" source="#mixamorig_Spine-Matrix-animation-input"/><input semantic="OUTPUT" source="#mixamorig_Spine-Matrix-animation-output-transform"/><input semantic="INTERPOLATION" source="#mixamorig_Spine-Interpolations"/></sampler><channel source="#mixamorig_Spine-Matrix-animation-transform" target="mixamorig_Spine/matrix"/></animation>
    <animation id="mixamorig_Spine1-anim" name="mixamorig_Spine1"><source id="mixamorig_Spine1-Matrix-animation-input"><float_array id="mixamorig_Spine1-Matrix-animation-input-array" count="99">

0.000000 0.033333 0.066667 0.100000 0.133333 0.166667 0.200000 0.233333 0.266667 0.300000 0.333333 0.366667 0.400000 0.433333 0.466667 0.500000
0.533333 0.566667 0.600000 0.633333 0.666667 0.700000 0.733333 0.766667 0.800000 0.833333 0.866667 0.900000 0.933333 0.966667 1.000000 1.033333
1.066667 1.100000 1.133333 1.166667 1.200000 1.233333 1.266667 1.300000 1.333333 1.366667 1.400000 1.433333 1.466667 1.500000 1.533333 1.566667
1.600000 1.633333 1.666667 1.700000 1.733333 1.766667 1.800000 1.833333 1.866667 1.900000 1.933333 1.966667 2.000000 2.033333 2.066667 2.100000
2.133333 2.166667 2.200000 2.233333 2.266667 2.300000 2.333333 2.366667 2.400000 2.433333 2.466667 2.500000 2.533333 2.566667 2.600000 2.633333
2.666667 2.700000 2.733333 2.766667 2.800000 2.833333 2.866667 2.900000 2.933333 2.966667 3.000000 3.033333 3.066667 3.100000 3.133333 3.166667
3.200000 3.233333 3.266667</float_array><technique_common><accessor source="#mixamorig_Spine1-Matrix-animation-input-array" count="99"><param name="TIME" type="float"/></accessor></technique_common></source><source id="mixamorig_Spine1-Matrix-animation-output-transform"><float_array id="mixamorig_Spine1-Matrix-animation-output-transform-array" count="1584">

0.986151 0.053517 0.156981 -0.270400 -0.020882 0.979041 -0.202591 23.500299 -0.164533 0.196507 0.966599 -2.360300 0.000000 0.000000 0.000000 1.000000
0.986151 0.053517 0.156981 -0.270400 -0.020882 0.979041 -0.202591 23.500299 -0.164533 0.196507 0.966599 -2.360300 0.000000 0.000000 0.000000 1.000000
0.986253 0.053069 0.156486 -0.270400 -0.020499 0.979003 -0.202811 23.500299 -0.163964 0.196815 0.966633 -2.360300 0.000000 0.000000 0.000000 1.000000
0.986509 0.052257 0.155140 -0.270400 -0.019884 0.978916 -0.203295 23.500299 -0.162493 0.197468 0.966749 -2.360300 0.000000 0.000000 0.000000 1.000000
0.986708 0.051309 0.154194 -0.270400 -0.018965 0.978721 -0.204316 23.500299 -0.161396 0.198676 0.966685 -2.360300 0.000000 0.000000 0.000000 1.000000
0.986652 0.050551 0.154799 -0.270400 -0.017865 0.978462 -0.205654 23.500299 -0.161861 0.200144 0.966304 -2.360300 0.000000 0.000000 0.000000 1.000000
0.986500 0.050397 0.155815 -0.270400 -0.017246 0.978149 -0.207190 23.500299 -0.162853 0.201706 0.965813 -2.360300 0.000000 0.000000 0.000000 1.000000
0.986519 0.051512 0.155329 -0.270400 -0.018166 0.977771 -0.208885 23.500299 -0.162636 0.203247 0.965526 -2.360300 0.000000 0.000000 0.000000 1.000000
0.986457 0.053725 0.154973 -0.270400 -0.020062 0.977262 -0.211085 23.500299 -0.162790 0.205118 0.965104 -2.360300 0.000000 0.000000 0.000000 1.000000
0.986338 0.056599 0.154706 -0.270400 -0.022540 0.976660 -0.213606 23.500299 -0.163185 0.207200 0.964593 -2.360300 0.000000 0.000000 0.000000 1.000000
0.986160 0.060310 0.154442 -0.270400 -0.025844 0.976026 -0.216116 23.500299 -0.163773 0.209134 0.964076 -2.360300 0.000000 0.000000 0.000000 1.000000
0.985759 0.064607 0.155259 -0.270400 -0.029461 0.975324 -0.218803 23.500299 -0.165564 0.211113 0.963338 -2.360300 0.000000 0.000000 0.000000 1.000000
0.985416 0.070294 0.154967 -0.270400 -0.034519 0.974330 -0.222464 23.500299 -0.166627 0.213871 0.962546 -2.360300 0.000000 0.000000 0.000000 1.000000
0.985529 0.075338 0.151847 -0.270400 -0.039658 0.973420 -0.225566 23.500299 -0.164804 0.216280 0.962321 -2.360300 0.000000 0.000000 0.000000 1.000000
0.985431 0.081070 0.149511 -0.270400 -0.045946 0.973293 -0.224922 23.500299 -0.163753 0.214776 0.962838 -2.360300 0.000000 0.000000 0.000000 1.000000
0.985500 0.085403 0.146615 -0.270400 -0.050698 0.972830 -0.225902 23.500299 -0.161924 0.215193 0.963054 -2.360300 0.000000 0.000000 0.000000 1.000000
