<?xml version="1.0" encoding="utf-8"?>
<COLLADA xmlns="http://www.collada.org/2005/11/COLLADASchema" version="1.4.1">
  <asset><contributor><author>Mixamo</author><authoring_tool>COLLADA Mixamo exporter</authoring_tool><comments></comments></contributor><created>2018-10-17T10:24:50Z</created><modified>2018-10-17T10:24:50Z</modified><revision></revision><title></title><unit meter="0.010000"/><up_axis>Y_UP</up_axis></asset>
  <library_animations>
    <animation id="mixamorig_Hips-anim" name="mixamorig_Hips"><source id="mixamorig_Hips-Matrix-animation-input"><float_array id="mixamorig_Hips-Matrix-animation-input-array" count="32">

0.000000 0.033333 0.066667 0.100000 0.133333 0.166667 0.200000 0.233333 0.266667 0.300000 0.333333 0.366667 0.400000 0.433333 0.466667 0.500000
0.533333 0.566667 0.600000 0.633333 0.666667 0.700000 0.733333 0.766667 0.800000 0.833333 0.866667 0.900000 0.933333 0.966667 1.000000 1.033333</float_array><technique_common><accessor source="#mixamorig_Hips-Matrix-animation-input-array" count="32"><param name="TIME" type="float"/></accessor></technique_common></source><source id="mixamorig_Hips-Matrix-animation-output-transform"><float_array id="mixamorig_Hips-Matrix-animation-output-transform-array" count="512">

0.730448 0.051562 -0.681019 1.107108 0.001805 0.996997 0.077422 195.089645 0.682966 -0.057782 0.728162 -1.551555 0.000000 0.000000 0.000000 1.000000
0.754651 0.049630 -0.654247 1.328618 -0.002527 0.997348 0.072742 195.660873 0.656121 -0.053241 0.752775 0.205809 0.000000 0.000000 0.000000 1.000000
0.773473 0.048845 -0.631944 1.742904 -0.010262 0.997861 0.064567 196.209991 0.633746 -0.043456 0.772320 2.211994 0.000000 0.000000 0.000000 1.000000
0.788084 0.049187 -0.613600 2.208956 -0.019099 0.998276 0.055493 196.646057 0.615272 -0.032014 0.787665 4.238649 0.000000 0.000000 0.000000 1.000000
0.800580 0.049604 -0.597169 2.528737 -0.026758 0.998533 0.047070 196.904938 0.598628 -0.021704 0.800733 5.973050 0.000000 0.000000 0.000000 1.000000
0.813021 0.048542 -0.580207 2.558635 -0.031913 0.998736 0.038839 197.042511 0.581359 -0.013061 0.813542 7.146749 0.000000 0.000000 0.000000 1.000000
0.826463 0.045265 -0.561168 2.257587 -0.034691 0.998963 0.029488 197.232620 0.561921 -0.004904 0.827176 7.700990 0.000000 0.000000 0.000000 1.000000
0.841217 0.040215 -0.539200 1.644300 -0.035812 0.999184 0.018651 197.594101 0.539510 0.003620 0.841971 7.776843 0.000000 0.000000 0.000000 1.000000
0.857201 0.034399 -0.513831 0.726116 -0.035889 0.999331 0.007030 198.050323 0.513729 0.012415 0.857862 7.565484 0.000000 0.000000 0.000000 1.000000
0.874204 0.029031 -0.484691 -0.538306 -0.035630 0.999355 -0.004407 198.401001 0.484251 0.021122 0.874674 7.161387 0.000000 0.000000 0.000000 1.000000
0.892346 0.025469 -0.450632 -2.215576 -0.036041 0.999239 -0.014894 198.514435 0.449910 0.029532 0.892585 6.592949 0.000000 0.000000 0.000000 1.000000
0.912030 0.024486 -0.409392 -4.314078 -0.037525 0.999011 -0.023846 198.417465 0.408404 0.037110 0.912047 5.936824 0.000000 0.000000 0.000000 1.000000
0.932909 0.025624 -0.359198 -6.749222 -0.039264 0.998756 -0.030729 198.230545 0.357964 0.042770 0.932755 5.323234 0.000000 0.000000 0.000000 1.000000
0.953169 0.027747 -0.301163 -9.401143 -0.040188 0.998572 -0.035189 198.061386 0.299756 0.045644 0.952923 4.812622 0.000000 0.000000 0.000000 1.000000
0.970421 0.030223 -0.239519 -12.178982 -0.040376 0.998477 -0.037598 197.961502 0.238018 0.046157 0.970163 4.318809 0.000000 0.000000 0.000000 1.000000
0.983340 0.033063 -0.178743 -15.094707 -0.040736 0.998392 -0.039427 197.958862 0.177152 0.046051 0.983106 3.739570 0.000000 0.000000 0.000000 1.000000
0.992059 0.036184 -0.120460 -18.173401 -0.041571 0.998231 -0.042510 198.090607 0.118709 0.047180 0.991808 2.985684 0.000000 0.000000 0.000000 1.000000
0.997241 0.038596 -0.063414 -21.315493 -0.041650 0.998000 -0.047562 198.371780 0.061451 0.050072 0.996853 2.064322 0.000000 0.000000 0.000000 1.000000
0.999227 0.038854 -0.005929 -24.191551 -0.039115 0.997806 -0.053408 198.757996 0.003841 0.053599 0.998555 1.118494 0.000000 0.000000 0.000000 1.000000
0.997952 0.036392 0.052605 -26.445671 -0.033350 0.997783 -0.057590 199.161209 -0.054584 0.055717 0.996953 0.248635 0.000000 0.000000 0.000000 1.000000
0.993152 0.032235 0.112296 -27.893345 -0.025860 0.997995 -0.057767 199.496552 -0.113933 0.054468 0.991994 -0.455189 0.000000 0.000000 0.000000 1.000000
0.984466 0.027938 0.173336 -28.501740 -0.019032 0.998422 -0.052826 199.706406 -0.174538 0.048706 0.983445 -0.868104 0.000000 0.000000 0.000000 1.000000
0.971610 0.023961 0.235373 -28.327297 -0.014217 0.998974 -0.043009 199.739166 -0.236162 0.038441 0.970953 -0.923988 0.000000 0.000000 0.000000 1.000000
0.954597 0.019249 0.297279 -27.429344 -0.011035 0.999510 -0.029286 199.563385 -0.297697 0.024675 0.954341 -0.683619 0.000000 0.000000 0.000000 1.000000
0.933569 0.012416 0.358184 -25.824640 -0.008403 0.999883 -0.012757 199.200867 -0.358300 0.008900 0.933564 -0.314402 0.000000 0.000000 0.000000 1.000000
0.908453 0.002974 0.417977 -23.567455 -0.005793 0.999968 0.005476 198.706635 -0.417948 -0.007396 0.908441 0.020040 0.000000 0.000000 0.000000 1.000000
0.879180 -0.008676 0.476410 -20.766111 -0.003301 0.999699 0.024298 198.125061 -0.476478 -0.022934 0.878887 0.238951 0.000000 0.000000 0.000000 1.000000
0.846165 -0.021700 0.532478 -17.516911 -0.001169 0.999093 0.042573 197.478271 -0.532919 -0.036646 0.845372 0.317441 0.000000 0.000000 0.000000 1.000000
0.810073 -0.034938 0.585287 -13.880523 0.000433 0.998258 0.058990 196.791336 -0.586329 -0.047532 0.808677 0.226588 0.000000 0.000000 0.000000 1.000000
0.771078 -0.046970 0.635006 -9.921241 0.001451 0.997403 0.072014 196.121796 -0.636739 -0.054607 0.769143 -0.070468 0.000000 0.000000 0.000000 1.000000
0.728819 -0.056512 0.682371 -5.784634 0.001829 0.996745 0.080593 195.532990 -0.684704 -0.057490 0.726550 -0.546577 0.000000 0.000000 0.000000 1.000000
0.682982 -0.062750 0.727735 -1.624784 0.001636 0.996432 0.084384 195.071777 -0.730434 -0.056442 0.680647 -1.208876 0.000000 0.000000 0.000000 1.000000</float_array><technique_common><accessor source="#mixamorig_Hips-Matrix-animation-output-transform-array" count="32" stride="16"><param type="float4x4"/></accessor></technique_common></source><source id="mixamorig_Hips-Interpolations"><Name_array id="mixamorig_Hips-Interpolations-array" count="32">
 LINEAR LINEAR LINEAR LINEAR LINEAR LINEAR LINEAR LINEAR LINEAR LINEAR LINEAR
LINEAR LINEAR LINEAR LINEAR LINEAR LINEAR LINEAR LINEAR LINEAR LINEAR LINEAR LINEAR
LINEAR LINEAR LINEAR LINEAR LINEAR LINEAR LINEAR LINEAR LINEAR</Name_array><technique_common><accessor source="#mixamorig_Hips-Interpolations-array" count="32"><param type="name"/></accessor></technique_common></source><sampler id="mixamorig_Hips-Matrix-animation-transform"><input semantic="INPUT" source="#mixamorig_Hips-Matrix-animation-input"/><input semantic="OUTPUT" source="#mixamorig_Hips-Matrix-animation-output-transform"/><input semantic="INTERPOLATION" source="#mixamorig_Hips-Interpolations"/></sampler><channel source="#mixamorig_Hips-Matrix-animation-transform" target="mixamorig_Hips/matrix"/></animation>
    <animation id="mixamorig_Spine-anim" name="mixamorig_Spine"><source id="mixamorig_Spine-Matrix-animation-input"><float_array id="mixamorig_Spine-Matrix-animation-input-array" count="32">

0.000000 0.033333 0.066667 0.100000 0.133333 0.166667 0.200000 0.233333 0.266667 0.300000 0.333333 0.366667 0.400000 0.433333 0.466667 0.500000
0.533333 0.566667 0.600000 0.633333 0.666667 0.700000 0.733333 0.766667 0.800000 0.833333 0.866667 0.900000 0.933333 0.966667 1.000000 1.033333</float_array><technique_common><accessor source="#mixamorig_Spine-Matrix-animation-input-array" count="32"><param name="TIME" type="float"/></accessor></technique_common></source><source id="mixamorig_Spine-Matrix-animation-output-transform"><float_array id="mixamorig_Spine-Matrix-animation-output-transform-array" count="512">

0.996648 0.020868 0.079100 -0.200200 -0.012799 0.994787 -0.101173 19.804701 -0.080799 0.099821 0.991719 -3.890100 0.000000 0.000000 0.000000 1.000000
0.996624 0.020927 0.079387 -0.200200 -0.012843 0.994802 -0.101011 19.804701 -0.081088 0.099650 0.991713 -3.890100 0.000000 0.000000 0.000000 1.000000
0.996602 0.020008 0.079895 -0.200200 -0.011942 0.994897 -0.100190 19.804701 -0.081491 0.098896 0.991755 -3.890100 0.000000 0.000000 0.000000 1.000000
0.996584 0.018503 0.080484 -0.200200 -0.010454 0.995003 -0.099295 19.804701 -0.081919 0.098115 0.991798 -3.890100 0.000000 0.000000 0.000000 1.000000
0.996572 0.017234 0.080920 -0.200200 -0.009183 0.995061 -0.098837 19.804701 -0.082224 0.097755 0.991808 -3.890100 0.000000 0.000000 0.000000 1.000000
0.996563 0.016957 0.081085 -0.200200 -0.008881 0.995054 -0.098936 19.804701 -0.082362 0.097876 0.991785 -3.890100 0.000000 0.000000 0.000000 1.000000
0.996558 0.017593 0.081010 -0.200200 -0.009486 0.995003 -0.099396 19.804701 -0.082354 0.098286 0.991745 -3.890100 0.000000 0.000000 0.000000 1.000000
0.996564 0.018585 0.080718 -0.200200 -0.010449 0.994925 -0.100073 19.804701 -0.082169 0.098886 0.991701 -3.890100 0.000000 0.000000 0.000000 1.000000
0.996586 0.019594 0.080200 -0.200200 -0.011433 0.994823 -0.100981 19.804701 -0.081763 0.099719 0.991651 -3.890100 0.000000 0.000000 0.000000 1.000000
0.996629 0.020551 0.079431 -0.200200 -0.012370 0.994692 -0.102151 19.804701 -0.081109 0.100824 0.991593 -3.890100 0.000000 0.000000 0.000000 1.000000
0.996697 0.021292 0.078363 -0.200200 -0.013108 0.994542 -0.103509 19.804701 -0.080139 0.102140 0.991537 -3.890100 0.000000 0.000000 0.000000 1.000000
0.996796 0.021694 0.076989 -0.200200 -0.013541 0.994392 -0.104886 19.804701 -0.078832 0.103507 0.991500 -3.890100 0.000000 0.000000 0.000000 1.000000
0.996902 0.021925 0.075541 -0.200200 -0.013830 0.994263 -0.106064 19.804701 -0.077433 0.104691 0.991486 -3.890100 0.000000 0.000000 0.000000 1.000000
0.996966 0.022290 0.074577 -0.200200 -0.014233 0.994171 -0.106873 19.804701 -0.076524 0.105487 0.991472 -3.890100 0.000000 0.000000 0.000000 1.000000
0.996949 0.022829 0.074649 -0.200200 -0.014733 0.994122 -0.107262 19.804701 -0.076659 0.105835 0.991424 -3.890100 0.000000 0.000000 0.000000 1.000000
0.996851 0.023361 0.075774 -0.200200 -0.015140 0.994110 -0.107313 19.804701 -0.077835 0.105828 0.991333 -3.890100 0.000000 0.000000 0.000000 1.000000
0.996718 0.023683 0.077406 -0.200200 -0.015298 0.994122 -0.107175 19.804701 -0.079489 0.105639 0.991222 -3.890100 0.000000 0.000000 0.000000 1.000000
0.996597 0.023945 0.078869 -0.200200 -0.015413 0.994133 -0.107062 19.804701 -0.080970 0.105482 0.991119 -3.890100 0.000000 0.000000 0.000000 1.000000
0.996510 0.024466 0.079809 -0.200200 -0.015821 0.994111 -0.107209 19.804701 -0.081962 0.105572 0.991028 -3.890100 0.000000 0.000000 0.000000 1.000000
0.996461 0.025197 0.080196 -0.200200 -0.016468 0.994047 -0.107698 19.804701 -0.082432 0.105996 0.990944 -3.890100 0.000000 0.000000 0.000000 1.000000
0.996452 0.025682 0.080151 -0.200200 -0.016906 0.993973 -0.108311 19.804701 -0.082450 0.106571 0.990881 -3.890100 0.000000 0.000000 0.000000 1.000000
0.996478 0.025706 0.079811 -0.200200 -0.016932 0.993928 -0.108724 19.804701 -0.082121 0.106990 0.990863 -3.890100 0.000000 0.000000 0.000000 1.000000
0.996520 0.025464 0.079372 -0.200200 -0.016731 0.993922 -0.108812 19.804701 -0.081660 0.107106 0.990889 -3.890100 0.000000 0.000000 0.000000 1.000000
0.996550 0.025182 0.079088 -0.200200 -0.016489 0.993937 -0.108704 19.804701 -0.081346 0.107025 0.990923 -3.890100 0.000000 0.000000 0.000000 1.000000
0.996557 0.024810 0.079115 -0.200200 -0.016128 0.993960 -0.108548 19.804701 -0.081330 0.106899 0.990938 -3.890100 0.000000 0.000000 0.000000 1.000000
0.996546 0.024099 0.079468 -0.200200 -0.015401 0.993999 -0.108302 19.804701 -0.081601 0.106704 0.990937 -3.890100 0.000000 0.000000 0.000000 1.000000
0.996525 0.023005 0.080048 -0.200200 -0.014287 0.994068 -0.107820 19.804701 -0.082054 0.106302 0.990943 -3.890100 0.000000 0.000000 0.000000 1.000000
0.996505 0.021866 0.080617 -0.200200 -0.013156 0.994169 -0.107031 19.804701 -0.082487 0.105596 0.990982 -3.890100 0.000000 0.000000 0.000000 1.000000
0.996502 0.021102 0.080862 -0.200200 -0.012459 0.994295 -0.105931 19.804701 -0.082636 0.104552 0.991080 -3.890100 0.000000 0.000000 0.000000 1.000000
0.996527 0.020868 0.080611 -0.200200 -0.012369 0.994445 -0.104530 19.804701 -0.082344 0.103170 0.991249 -3.890100 0.000000 0.000000 0.000000 1.000000
0.996579 0.020903 0.079963 -0.200200 -0.012606 0.994613 -0.102891 19.804701 -0.081683 0.101531 0.991473 -3.890100 0.000000 0.000000 0.000000 1.000000
0.996646 0.020939 0.079107 -0.200200 -0.012868 0.994785 -0.101182 19.804701 -0.080813 0.099825 0.991718 -3.890100 0.000000 0.000000 0.000000 1.000000</float_array><technique_common><accessor source="#mixamorig_Spine-Matrix-animation-output-transform-array" count="32" stride="16"><param type="float4x4"/></accessor></technique_common></source><source id="mixamorig_Spine-Interpolations"><Name_array id="mixamorig_Spine-Interpolations-array" count="32">
 LINEAR LINEAR LINEAR LINEAR LINEAR LINEAR LINEAR LINEAR LINEAR LINEAR LINEAR
LINEAR LINEAR LINEAR LINEAR LINEAR LINEAR LINEAR LINEAR LINEAR LINEAR LINEAR LINEAR
LINEAR LINEAR LINEAR LINEAR LINEAR LINEAR LINEAR LINEAR LINEAR</Name_array><technique_common><accessor source="#mixamorig_Spine-Interpolations-array" count="32"><param type="name"/></accessor></technique_common></source><sampler id="mixamorig_Spine-Matrix-animation-transform"><input semantic="INPUT" source="#mixamorig_Spine-Matrix-animation-input"/><input semantic="OUTPUT" source="#mixamorig_Spine-Matrix-animation-output-transform"/><input semantic="INTERPOLATION" source="#mixamorig_Spine-Interpolations"/></sampler><channel source="#mixamorig_Spine-Matrix-animation-transform" target="mixamorig_Spine/matrix"/></animation>
    <animation id="mixamorig_Spine1-anim" name="mixamorig_Spine1"><source id="mixamorig_Spine1-Matrix-animation-input"><float_array id="mixamorig_Spine1-Matrix-animation-input-array" count="32">

0.000000 0.033333 0.066667 0.100000 0.133333 0.166667 0.200000 0.233333 0.266667 0.300000 0.333333 0.366667 0.400000 0.433333 0.466667 0.500000
0.533333 0.566667 0.600000 0.633333 0.666667 0.700000 0.733333 0.766667 0.800000 0.833333 0.866667 0.900000 0.933333 0.966667 1.000000 1.033333</float_array><technique_common><accessor source="#mixamorig_Spine1-Matrix-animation-input-array" count="32"><param name="TIME" type="float"/></accessor></technique_common></source><source id="mixamorig_Spine1-Matrix-animation-output-transform"><float_array id="mixamorig_Spine1-Matrix-animation-output-transform-array" count="512">

0.986155 0.053132 0.157083 -0.270400 -0.020481 0.979053 -0.202574 23.500299 -0.164555 0.196552 0.966586 -2.360300 0.000000 0.000000 0.000000 1.000000
0.985990 0.053820 0.157885 -0.270400 -0.021041 0.979087 -0.202352 23.500299 -0.165474 0.196195 0.966502 -2.360300 0.000000 0.000000 0.000000 1.000000
0.985855 0.052544 0.159150 -0.270400 -0.019791 0.979438 -0.200770 23.500299 -0.166427 0.194780 0.966624 -2.360300 0.000000 0.000000 0.000000 1.000000
0.985762 0.049946 0.160558 -0.270400 -0.017239 0.979855 -0.198967 23.500299 -0.167261 0.193366 0.966764 -2.360300 0.000000 0.000000 0.000000 1.000000
0.985730 0.047342 0.161541 -0.270400 -0.014632 0.980103 -0.197950 23.500299 -0.167698 0.192762 0.966809 -2.360300 0.000000 0.000000 0.000000 1.000000
0.985775 0.045852 0.161698 -0.270400 -0.013118 0.980123 -0.197955 23.500299 -0.167560 0.193018 0.966782 -2.360300 0.000000 0.000000 0.000000 1.000000
0.985890 0.045528 0.161083 -0.270400 -0.012801 0.979991 -0.198630 23.500299 -0.166903 0.193765 0.966746 -2.360300 0.000000 0.000000 0.000000 1.000000
0.986057 0.045783 0.159988 -0.270400 -0.013083 0.979762 -0.199737 23.500299 -0.165895 0.194859 0.966700 -2.360300 0.000000 0.000000 0.000000 1.000000
0.986255 0.046284 0.158614 -0.270400 -0.013584 0.979428 -0.201334 23.500299 -0.164669 0.196413 0.966595 -2.360300 0.000000 0.000000 0.000000 1.000000
0.986486 0.047027 0.156950 -0.270400 -0.014292 0.978971 -0.203496 23.500299 -0.163220 0.198503 0.966414 -2.360300 0.000000 0.000000 0.000000 1.000000
0.986786 0.047821 0.154813 -0.270400 -0.015082 0.978415 -0.206097 23.500299 -0.161328 0.201039 0.966207 -2.360300 0.000000 0.000000 0.000000 1.000000
0.987181 0.048333 0.152107 -0.270400 -0.015705 0.977835 -0.208785 23.500299 -0.158827 0.203720 0.966060 -2.360300 0.000000 0.000000 0.000000 1.000000
0.987597 0.048649 0.149282 -0.270400 -0.016234 0.977329 -0.211101 23.500299 -0.156168 0.206060 0.965997 -2.360300 0.000000 0.000000 0.000000 1.000000
0.987843 0.049249 0.147450 -0.270400 -0.016959 0.976971 -0.212696 23.500299 -0.154529 0.207610 0.965929 -2.360300 0.000000 0.000000 0.000000 1.000000
0.987755 0.050270 0.147690 -0.270400 -0.017792 0.976786 -0.213476 23.500299 -0.154993 0.208234 0.965720 -2.360300 0.000000 0.000000 0.000000 1.000000
0.987346 0.051234 0.150077 -0.270400 -0.018223 0.976759 -0.213564 23.500299 -0.157531 0.208126 0.965333 -2.360300 0.000000 0.000000 0.000000 1.000000
0.986789 0.051765 0.153516 -0.270400 -0.018067 0.976831 -0.213250 23.500299 -0.160998 0.207659 0.964861 -2.360300 0.000000 0.000000 0.000000 1.000000
0.986283 0.052282 0.156564 -0.270400 -0.017972 0.976886 -0.213004 23.500299 -0.164081 0.207269 0.964426 -2.360300 0.000000 0.000000 0.000000 1.000000
0.985932 0.053606 0.158318 -0.270400 -0.018848 0.976791 -0.213362 23.500299 -0.166081 0.207376 0.964060 -2.360300 0.000000 0.000000 0.000000 1.000000
0.985755 0.055830 0.158650 -0.270400 -0.020782 0.976500 -0.214511 23.500299 -0.166898 0.208158 0.963751 -2.360300 0.000000 0.000000 0.000000 1.000000
0.985746 0.057978 0.157935 -0.270400 -0.022809 0.976132 -0.215977 23.500299 -0.166687 0.209296 0.963541 -2.360300 0.000000 0.000000 0.000000 1.000000
0.985870 0.059063 0.156754 -0.270400 -0.023962 0.975879 -0.216995 23.500299 -0.165789 0.210172 0.963505 -2.360300 0.000000 0.000000 0.000000 1.000000
0.986038 0.059148 0.155664 -0.270400 -0.024235 0.975812 -0.217265 23.500299 -0.164750 0.210459 0.963621 -2.360300 0.000000 0.000000 0.000000 1.000000
0.986148 0.058953 0.155037 -0.270400 -0.024204 0.975848 -0.217107 23.500299 -0.164092 0.210347 0.963757 -2.360300 0.000000 0.000000 0.000000 1.000000
0.986162 0.058690 0.155046 -0.270400 -0.023983 0.975907 -0.216864 23.500299 -0.164039 0.210144 0.963811 -2.360300 0.000000 0.000000 0.000000 1.000000
0.986098 0.057837 0.155771 -0.270400 -0.023058 0.976027 -0.216426 23.500299 -0.164554 0.209825 0.963792 -2.360300 0.000000 0.000000 0.000000 1.000000
0.985987 0.056098 0.157106 -0.270400 -0.021213 0.976280 -0.215468 23.500299 -0.165467 0.209116 0.963790 -2.360300 0.000000 0.000000 0.000000 1.000000
0.985869 0.054078 0.158551 -0.270400 -0.019178 0.976674 -0.213870 23.500299 -0.166419 0.207808 0.963909 -2.360300 0.000000 0.000000 0.000000 1.000000
0.985807 0.052730 0.159384 -0.270400 -0.018042 0.977170 -0.211690 23.500299 -0.166908 0.205810 0.964253 -2.360300 0.000000 0.000000 0.000000 1.000000
0.985851 0.052399 0.159225 -0.270400 -0.018218 0.977752 -0.208970 23.500299 -0.166633 0.203112 0.964872 -2.360300 0.000000 0.000000 0.000000 1.000000
0.985984 0.052704 0.158299 -0.270400 -0.019253 0.978398 -0.205831 23.500299 -0.165727 0.199898 0.965699 -2.360300 0.000000 0.000000 0.000000 1.000000
0.986155 0.053132 0.157083 -0.270400 -0.020481 0.979053 -0.202574 23.500299 -0.164556 0.196552 0.966586 -2.360300 0.000000 0.000000 0.000000 1.000000</float_array><technique_common><accessor source="#mixamorig_Spine1-Matrix-animation-output-transform-array" count="32" stride="16"><param type="float4x4"/></accessor></technique_common></source><source id="mixamorig_Spine1-Interpolations"><Name_array id="mixamorig_Spine1-Interpolations-array" count="32">
 LINEAR LINEAR LINEAR LINEAR LINEAR LINEAR LINEAR LINEAR LINEAR LINEAR LINEAR
LINEAR LINEAR LINEAR LINEAR LINEAR LINEAR LINEAR LINEAR LINEAR LINEAR LINEAR LINEAR
LINEAR LINEAR LINEAR LINEAR LINEAR LINEAR LINEAR LINEAR LINEAR</Name_array><technique_common><accessor source="#mixamorig_Spine1-Interpolations-array" count="32"><param type="name"/></accessor></technique_common></source><sampler id="mixamorig_Spine1-Matrix-animation-transform"><input semantic="INPUT" source="#mixamorig_Spine1-Matrix-animation-input"/><input semantic="OUTPUT" source="#mixamorig_Spine1-Matrix-animation-output-transform"/><input semantic="INTERPOLATION" source="#mixamorig_Spine1-Interpolations"/></sampler><channel source="#mixamorig_Spine1-Matrix-animation-transform" target="mixamorig_Spine1/matrix"/></animation>
    <animation id="mixamorig_Spine2-anim" name="mixamorig_Spine2"><source id="mixamorig_Spine2-Matrix-animation-input"><float_array id="mixamorig_Spine2-Matrix-animation-input-array" count="32">

0.000000 0.033333 0.066667 0.100000 0.133333 0.166667 0.200000 0.233333 0.266667 0.300000 0.333333 0.366667 0.400000 0.433333 0.466667 0.500000
0.533333 0.566667 0.600000 0.633333 0.666667 0.700000 0.733333 0.766667 0.800000 0.833333 0.866667 0.900000 0.933333 0.966667 1.000000 1.033333</float_array><technique_common><accessor source="#mixamorig_Spine2-Matrix-animation-input-array" count="32"><param name="TIME" type="float"/></accessor></technique_common></source><source id="mixamorig_Spine2-Matrix-animation-output-transform"><float_array id="mixamorig_Spine2-Matrix-animation-output-transform-array" count="512">

0.986155 0.053132 0.157083 -0.109100 -0.020481 0.979053 -0.202574 27.807600 -0.164556 0.196552 0.966586 -1.195400 0.000000 0.000000 0.000000 1.000000
0.985990 0.053820 0.157885 -0.109100 -0.021041 0.979087 -0.202352 27.807600 -0.165474 0.196195 0.966502 -1.195400 0.000000 0.000000 0.000000 1.000000
0.985855 0.052544 0.159150 -0.109100 -0.019791 0.979438 -0.200770 27.807600 -0.166427 0.194780 0.966624 -1.195400 0.000000 0.000000 0.000000 1.000000
0.985762 0.049946 0.160558 -0.109100 -0.017239 0.979855 -0.198967 27.807600 -0.167261 0.193366 0.966764 -1.195400 0.000000 0.000000 0.000000 1.000000
0.985730 0.047342 0.161541 -0.109100 -0.014631 0.980103 -0.197950 27.807600 -0.167698 0.192762 0.966809 -1.195400 0.000000 0.000000 0.000000 1.000000
0.985775 0.045852 0.161698 -0.109100 -0.013118 0.980123 -0.197956 27.807600 -0.167560 0.193018 0.966782 -1.195400 0.000000 0.000000 0.000000 1.000000
0.985890 0.045528 0.161083 -0.109100 -0.012801 0.979991 -0.198630 27.807600 -0.166903 0.193765 0.966746 -1.195400 0.000000 0.000000 0.000000 1.000000
0.986057 0.045783 0.159988 -0.109100 -0.013083 0.979762 -0.199738 27.807600 -0.165895 0.194859 0.966700 -1.195400 0.000000 0.000000 0.000000 1.000000
0.986255 0.046284 0.158614 -0.109100 -0.013584 0.979428 -0.201334 27.807600 -0.164670 0.196412 0.966595 -1.195400 0.000000 0.000000 0.000000 1.000000
0.986486 0.047027 0.156950 -0.109100 -0.014292 0.978971 -0.203496 27.807600 -0.163219 0.198503 0.966414 -1.195400 0.000000 0.000000 0.000000 1.000000
0.986786 0.047821 0.154813 -0.109100 -0.015082 0.978415 -0.206097 27.807600 -0.161328 0.201039 0.966207 -1.195400 0.000000 0.000000 0.000000 1.000000
0.987181 0.048333 0.152108 -0.109100 -0.015705 0.977835 -0.208785 27.807600 -0.158827 0.203720 0.966060 -1.195400 0.000000 0.000000 0.000000 1.000000
0.987597 0.048649 0.149282 -0.109100 -0.016234 0.977329 -0.211101 27.807600 -0.156168 0.206060 0.965997 -1.195400 0.000000 0.000000 0.000000 1.000000
0.987843 0.049249 0.147450 -0.109100 -0.016959 0.976971 -0.212696 27.807600 -0.154529 0.207610 0.965929 -1.195400 0.000000 0.000000 0.000000 1.000000
0.987755 0.050270 0.147690 -0.109100 -0.017792 0.976786 -0.213476 27.807600 -0.154993 0.208234 0.965720 -1.195400 0.000000 0.000000 0.000000 1.000000
0.987346 0.051234 0.150077 -0.109100 -0.018223 0.976759 -0.213563 27.807600 -0.157531 0.208126 0.965333 -1.195400 0.000000 0.000000 0.000000 1.000000
0.986789 0.051765 0.153516 -0.109100 -0.018067 0.976831 -0.213250 27.807600 -0.160998 0.207659 0.964861 -1.195400 0.000000 0.000000 0.000000 1.000000
0.986283 0.052283 0.156564 -0.109100 -0.017972 0.976886 -0.213005 27.807600 -0.164081 0.207269 0.964426 -1.195400 0.000000 0.000000 0.000000 1.000000
0.985932 0.053606 0.158318 -0.109100 -0.018848 0.976791 -0.213362 27.807600 -0.166081 0.207376 0.964060 -1.195400 0.000000 0.000000 0.000000 1.000000
0.985755 0.055830 0.158650 -0.109100 -0.020782 0.976500 -0.214511 27.807600 -0.166898 0.208158 0.963751 -1.195400 0.000000 0.000000 0.000000 1.000000
0.985746 0.057978 0.157935 -0.109100 -0.022809 0.976132 -0.215977 27.807600 -0.166687 0.209296 0.963541 -1.195400 0.000000 0.000000 0.000000 1.000000
0.985870 0.059063 0.156754 -0.109100 -0.023962 0.975879 -0.216994 27.807600 -0.165789 0.210172 0.963505 -1.195400 0.000000 0.000000 0.000000 1.000000
0.986038 0.059148 0.155664 -0.109100 -0.024235 0.975812 -0.217265 27.807600 -0.164750 0.210459 0.963621 -1.195400 0.000000 0.000000 0.000000 1.000000
0.986148 0.058953 0.155037 -0.109100 -0.024204 0.975848 -0.217108 27.807600 -0.164092 0.210348 0.963757 -1.195400 0.000000 0.000000 0.000000 1.000000
0.986162 0.058689 0.155046 -0.109100 -0.023983 0.975907 -0.216864 27.807600 -0.164038 0.210144 0.963811 -1.195400 0.000000 0.000000 0.000000 1.000000
0.986099 0.057837 0.155771 -0.109100 -0.023058 0.976027 -0.216425 27.807600 -0.164554 0.209825 0.963792 -1.195400 0.000000 0.000000 0.000000 1.000000
0.985987 0.056098 0.157106 -0.109100 -0.021213 0.976280 -0.215468 27.807600 -0.165467 0.209116 0.963790 -1.195400 0.000000 0.000000 0.000000 1.000000
0.985869 0.054078 0.158552 -0.109100 -0.019178 0.976674 -0.213871 27.807600 -0.166419 0.207808 0.963909 -1.195400 0.000000 0.000000 0.000000 1.000000
0.985807 0.052730 0.159384 -0.109100 -0.018042 0.977170 -0.211690 27.807600 -0.166908 0.205810 0.964253 -1.195400 0.000000 0.000000 0.000000 1.000000
0.985851 0.052399 0.159225 -0.109100 -0.018218 0.977752 -0.208970 27.807600 -0.166633 0.203113 0.964872 -1.195400 0.000000 0.000000 0.000000 1.000000
0.985984 0.052704 0.158298 -0.109100 -0.019253 0.978398 -0.205831 27.807600 -0.165727 0.199898 0.965699 -1.195400 0.000000 0.000000 0.000000 1.000000
0.986155 0.053131 0.157083 -0.109100 -0.020481 0.979053 -0.202574 27.807600 -0.164555 0.196552 0.966586 -1.195400 0.000000 0.000000 0.000000 1.000000</float_array><technique_common><accessor source="#mixamorig_Spine2-Matrix-animation-output-transform-array" count="32" stride="16"><param type="float4x4"/></accessor></technique_common></source><source id="mixamorig_Spine2-Interpolations"><Name_array id="mixamorig_Spine2-Interpolations-array" count="32">
 LINEAR LINEAR LINEAR LINEAR LINEAR LINEAR LINEAR LINEAR LINEAR LINEAR LINEAR
LINEAR LINEAR LINEAR LINEAR LINEAR LINEAR LINEAR LINEAR LINEAR LINEAR LINEAR LINEAR
LINEAR LINEAR LINEAR LINEAR LINEAR LINEAR LINEAR LINEAR LINEAR</Name_array><technique_common><accessor source="#mixamorig_Spine2-Interpolations-array" count="32"><param type="name"/></accessor></technique_common></source><sampler id="mixamorig_Spine2-Matrix-animation-transform"><input semantic="INPUT" source="#mixamorig_Spine2-Matrix-animation-input"/><input semantic="OUTPUT" source="#mixamorig_Spine2-Matrix-animation-output-transform"/><input semantic="INTERPOLATION" source="#mixamorig_Spine2-Interpolations"/></sampler><channel source="#mixamorig_Spine2-Matrix-animation-transform" target="mixamorig_Spine2/matrix"/></animation>
    <animation id="mixamorig_Neck-anim" name="mixamorig_Neck"><source id="mixamorig_Neck-Matrix-animation-input"><float_array id="mixamorig_Neck-Matrix-animation-input-array" count="32">

0.000000 0.033333 0.066667 0.100000 0.133333 0.166667 0.200000 0.233333 0.266667 0.300000 0.333333 0.366667 0.400000 0.433333 0.466667 0.500000
0.533333 0.566667 0.600000 0.633333 0.666667 0.700000 0.733333 0.766667 0.800000 0.833333 0.866667 0.900000 0.933333 0.966667 1.000000 1.033333</float_array><technique_common><accessor source="#mixamorig_Neck-Matrix-animation-input-array" count="32"><param name="TIME" type="float"/></accessor></technique_common></source><source id="mixamorig_Neck-Matrix-animation-output-transform"><float_array id="mixamorig_Neck-Matrix-animation-output-transform-array" count="512">

0.999747 -0.003600 -0.022215 0.573000 0.005257 0.997169 0.075014 31.061899 0.021882 -0.075111 0.996935 3.761700 0.000000 0.000000 0.000000 1.000000
0.999358 -0.025601 -0.025073 0.573000 0.027481 0.996594 0.077757 31.061899 0.022997 -0.078396 0.996657 3.761700 0.000000 0.000000 0.000000 1.000000
0.999187 -0.039738 -0.006845 0.573000 0.040173 0.995662 0.083924 31.061899 0.003480 -0.084131 0.996449 3.761700 0.000000 0.000000 0.000000 1.000000
0.998329 -0.049278 0.030170 0.573000 0.046342 0.994746 0.091283 31.061899 -0.034509 -0.089733 0.995368 3.761700 0.000000 0.000000 0.000000 1.000000
0.994966 -0.059218 0.080842 0.573000 0.051244 0.993928 0.097375 31.061899 -0.086117 -0.092742 0.991959 3.761700 0.000000 0.000000 0.000000 1.000000
0.987559 -0.072413 0.139583 0.573000 0.058257 0.992977 0.102968 31.061899 -0.146059 -0.093555 0.984842 3.761700 0.000000 0.000000 0.000000 1.000000
0.975419 -0.087118 0.202408 0.573000 0.065537 0.991658 0.110991 31.061899 -0.210389 -0.094997 0.972991 3.761700 0.000000 0.000000 0.000000 1.000000
0.959041 -0.099602 0.265179 0.573000 0.069148 0.990141 0.121821 31.061899 -0.274698 -0.098494 0.956472 3.761700 0.000000 0.000000 0.000000 1.000000
0.940346 -0.107882 0.322663 0.573000 0.068079 0.988879 0.132228 31.061899 -0.333339 -0.102373 0.937232 3.761700 0.000000 0.000000 0.000000 1.000000
0.922326 -0.112718 0.369608 0.573000 0.064932 0.988118 0.139310 31.061899 -0.380919 -0.104490 0.918685 3.761700 0.000000 0.000000 0.000000 1.000000
0.908002 -0.116165 0.402541 0.573000 0.062823 0.987681 0.143315 31.061899 -0.414230 -0.104841 0.904114 3.761700 0.000000 0.000000 0.000000 1.000000
0.899306 -0.119786 0.420594 0.573000 0.063334 0.987290 0.145763 31.061899 -0.432709 -0.104448 0.895463 3.761700 0.000000 0.000000 0.000000 1.000000
0.896881 -0.123558 0.424663 0.573000 0.066920 0.987041 0.145852 31.061899 -0.437181 -0.102393 0.893526 3.761700 0.000000 0.000000 0.000000 1.000000
0.900285 -0.125635 0.416777 0.573000 0.073134 0.987490 0.139694 31.061899 -0.429113 -0.095284 0.898211 3.761700 0.000000 0.000000 0.000000 1.000000
0.907932 -0.123248 0.400587 0.573000 0.079510 0.989079 0.124098 31.061899 -0.411507 -0.080822 0.907816 3.761700 0.000000 0.000000 0.000000 1.000000
0.917633 -0.114679 0.380525 0.573000 0.081642 0.991438 0.101911 31.061899 -0.388954 -0.062450 0.919138 3.761700 0.000000 0.000000 0.000000 1.000000
0.927710 -0.101146 0.359337 0.573000 0.076312 0.993650 0.082676 31.061899 -0.365418 -0.049278 0.929538 3.761700 0.000000 0.000000 0.000000 1.000000
0.937374 -0.086383 0.337444 0.573000 0.064488 0.995052 0.075585 31.061899 -0.342304 -0.049090 0.938306 3.761700 0.000000 0.000000 0.000000 1.000000
0.946318 -0.073281 0.314821 0.573000 0.050262 0.995476 0.080633 31.061899 -0.319306 -0.060481 0.945720 3.761700 0.000000 0.000000 0.000000 1.000000
0.954351 -0.061587 0.292268 0.573000 0.037344 0.995436 0.087822 31.061899 -0.296342 -0.072899 0.952296 3.761700 0.000000 0.000000 0.000000 1.000000
0.961461 -0.050171 0.270324 0.573000 0.027620 0.995861 0.086593 31.061899 -0.273550 -0.075790 0.958867 3.761700 0.000000 0.000000 0.000000 1.000000
0.967985 -0.040080 0.247786 0.573000 0.021920 0.996896 0.075619 31.061899 -0.250047 -0.067767 0.965859 3.761700 0.000000 0.000000 0.000000 1.000000
0.974273 -0.033171 0.222915 0.573000 0.019781 0.997878 0.062036 31.061899 -0.224500 -0.056031 0.972862 3.761700 0.000000 0.000000 0.000000 1.000000
0.980253 -0.028310 0.195712 0.573000 0.018438 0.998473 0.052082 31.061899 -0.196887 -0.047445 0.979277 3.761700 0.000000 0.000000 0.000000 1.000000
0.985650 -0.021461 0.167434 0.573000 0.014068 0.998878 0.045216 31.061899 -0.168217 -0.042212 0.984846 3.761700 0.000000 0.000000 0.000000 1.000000
0.990279 -0.010172 0.138723 0.573000 0.004937 0.999264 0.038028 31.061899 -0.139008 -0.036973 0.989601 3.761700 0.000000 0.000000 0.000000 1.000000
0.993972 0.003726 0.109574 0.573000 -0.007199 0.999484 0.031311 31.061899 -0.109401 -0.031911 0.993485 3.761700 0.000000 0.000000 0.000000 1.000000
0.996610 0.015957 0.080706 0.573000 -0.018468 0.999365 0.030460 31.061899 -0.080169 -0.031847 0.996272 3.761700 0.000000 0.000000 0.000000 1.000000
0.998317 0.022691 0.053365 0.573000 -0.024781 0.998939 0.038830 31.061899 -0.052428 -0.040087 0.997820 3.761700 0.000000 0.000000 0.000000 1.000000
0.999383 0.021604 0.027703 0.573000 -0.023054 0.998321 0.053135 31.061899 -0.026508 -0.053741 0.998203 3.761700 0.000000 0.000000 0.000000 1.000000
0.999920 0.012390 0.002726 0.573000 -0.012544 0.997693 0.066717 31.061899 -0.001894 -0.066746 0.997768 3.761700 0.000000 0.000000 0.000000 1.000000
0.999747 -0.003600 -0.022214 0.573000 0.005257 0.997169 0.075013 31.061899 0.021881 -0.075111 0.996935 3.761700 0.000000 0.000000 0.000000 1.000000</float_array><technique_common><accessor source="#mixamorig_Neck-Matrix-animation-output-transform-array" count="32" stride="16"><param type="float4x4"/></accessor></technique_common></source><source id="mixamorig_Neck-Interpolations"><Name_array id="mixamorig_Neck-Interpolations-array" count="32">
 LINEAR LINEAR LINEAR LINEAR LINEAR LINEAR LINEAR LINEAR LINEAR LINEAR LINEAR
LINEAR LINEAR LINEAR LINEAR LINEAR LINEAR LINEAR LINEAR LINEAR LINEAR LINEAR LINEAR
LINEAR LINEAR LINEAR LINEAR LINEAR LINEAR LINEAR LINEAR LINEAR</Name_array><technique_common><accessor source="#mixamorig_Neck-Interpolations-array" count="32"><param type="name"/></accessor></technique_common></source><sampler id="mixamorig_Neck-Matrix-animation-transform"><input semantic="INPUT" source="#mixamorig_Neck-Matrix-animation-input"/><input semantic="OUTPUT" source="#mixamorig_Neck-Matrix-animation-output-transform"/><input semantic="INTERPOLATION" source="#mixamorig_Neck-Interpolations"/></sampler><channel source="#mixamorig_Neck-Matrix-animation-transform" target="mixamorig_Neck/matrix"/></animation>
    <animation id="mixamorig_Head-anim" name="mixamorig_Head"><source id="mixamorig_Head-Matrix-animation-input"><float_array id="mixamorig_Head-Matrix-animation-input-array" count="32">

0.000000 0.033333 0.066667 0.100000 0.133333 0.166667 0.200000 0.233333 0.266667 0.300000 0.333333 0.366667 0.400000 0.433333 0.466667 0.500000
0.533333 0.566667 0.600000 0.633333 0.666667 0.700000 0.733333 0.766667 0.800000 0.833333 0.866667 0.900000 0.933333 0.966667 1.000000 1.033333</float_array><technique_common><accessor source="#mixamorig_Head-Matrix-animation-input-array" count="32"><param name="TIME" type="float"/></accessor></technique_common></source><source id="mixamorig_Head-Matrix-animation-output-transform"><float_array id="mixamorig_Head-Matrix-animation-output-transform-array" count="512">

0.937032 0.006168 0.349190 1.041900 -0.044691 0.993742 0.102370 22.231001 -0.346374 -0.111530 0.931443 6.513500 0.000000 0.000000 0.000000 1.000000
0.937217 0.010321 0.348594 1.041900 -0.044420 0.994954 0.089967 22.231001 -0.345906 -0.099803 0.932946 6.513500 0.000000 0.000000 0.000000 1.000000
0.936499 0.008754 0.350561 1.041900 -0.034533 0.997131 0.067352 22.231001 -0.348966 -0.075181 0.934115 6.513500 0.000000 0.000000 0.000000 1.000000
0.933764 0.006436 0.357831 1.041900 -0.022583 0.998905 0.040963 22.231001 -0.357176 -0.046331 0.932887 6.513500 0.000000 0.000000 0.000000 1.000000
0.928063 0.008252 0.372332 1.041900 -0.015314 0.999754 0.016014 22.231001 -0.372108 -0.020564 0.927962 6.513500 0.000000 0.000000 0.000000 1.000000
0.919315 0.015074 0.393234 1.041900 -0.012575 0.999881 -0.008930 22.231001 -0.393321 0.003265 0.919395 6.513500 0.000000 0.000000 0.000000 1.000000
0.908456 0.023899 0.417298 1.041900 -0.008408 0.999207 -0.038920 22.231001 -0.417897 0.031848 0.907936 6.513500 0.000000 0.000000 0.000000 1.000000
0.896766 0.031914 0.441352 1.041900 0.000753 0.997284 -0.073642 22.231001 -0.442504 0.066372 0.894307 6.513500 0.000000 0.000000 0.000000 1.000000
0.884791 0.039092 0.464346 1.041900 0.011534 0.994332 -0.105689 22.231001 -0.465846 0.098868 0.879325 6.513500 0.000000 0.000000 0.000000 1.000000
0.872354 0.047683 0.486543 1.041900 0.017043 0.991661 -0.127744 22.231001 -0.488577 0.119731 0.864267 6.513500 0.000000 0.000000 0.000000 1.000000
0.859360 0.059774 0.507865 1.041900 0.013389 0.990174 -0.139195 22.231001 -0.511195 0.126418 0.850116 6.513500 0.000000 0.000000 0.000000 1.000000
0.846332 0.075362 0.527298 1.041900 0.002275 0.989420 -0.145060 22.231001 -0.532651 0.123968 0.837206 6.513500 0.000000 0.000000 0.000000 1.000000
0.834415 0.092735 0.543278 1.041900 -0.012734 0.988723 -0.149212 22.231001 -0.550989 0.117587 0.826187 6.513500 0.000000 0.000000 0.000000 1.000000
0.824451 0.110175 0.555106 1.041900 -0.031340 0.988250 -0.149598 22.231001 -0.565065 0.105939 0.818217 6.513500 0.000000 0.000000 0.000000 1.000000
0.816078 0.126534 0.563919 1.041900 -0.055896 0.988445 -0.140900 22.231001 -0.575232 0.083465 0.813721 6.513500 0.000000 0.000000 0.000000 1.000000
0.808464 0.140431 0.571546 1.041900 -0.085664 0.988852 -0.121792 22.231001 -0.582278 0.049504 0.811481 6.513500 0.000000 0.000000 0.000000 1.000000
0.801840 0.150399 0.578301 1.041900 -0.114647 0.988548 -0.098128 22.231001 -0.586437 0.012383 0.809900 6.513500 0.000000 0.000000 0.000000 1.000000
0.797416 0.156381 0.582814 1.041900 -0.137093 0.987529 -0.077402 22.231001 -0.587651 -0.018177 0.808911 6.513500 0.000000 0.000000 0.000000 1.000000
0.795732 0.159800 0.584187 1.041900 -0.153223 0.986302 -0.061088 22.231001 -0.585947 -0.040901 0.809317 6.513500 0.000000 0.000000 0.000000 1.000000
0.796483 0.161677 0.582645 1.041900 -0.167038 0.984925 -0.044961 22.231001 -0.581131 -0.061514 0.811482 6.513500 0.000000 0.000000 0.000000 1.000000
0.799867 0.161544 0.578028 1.041900 -0.179552 0.983395 -0.026372 22.231001 -0.572690 -0.082692 0.815591 6.513500 0.000000 0.000000 0.000000 1.000000
0.806816 0.158065 0.569265 1.041900 -0.187046 0.982321 -0.007657 22.231001 -0.560412 -0.100301 0.822118 6.513500 0.000000 0.000000 0.000000 1.000000
0.817731 0.149874 0.555746 1.041900 -0.185976 0.982516 0.008681 22.231001 -0.544728 -0.110454 0.831307 6.513500 0.000000 0.000000 0.000000 1.000000
0.831754 0.136104 0.538201 1.041900 -0.177184 0.983860 0.025021 22.231001 -0.526109 -0.116172 0.842445 6.513500 0.000000 0.000000 0.000000 1.000000
0.847639 0.117208 0.517466 1.041900 -0.164500 0.985290 0.046289 22.231001 -0.504429 -0.124360 0.854451 6.513500 0.000000 0.000000 0.000000 1.000000
0.864568 0.095124 0.493431 1.041900 -0.150200 0.985949 0.073102 22.231001 -0.479544 -0.137315 0.866707 6.513500 0.000000 0.000000 0.000000 1.000000
0.881872 0.071928 0.465970 1.041900 -0.132842 0.986162 0.099183 22.231001 -0.452388 -0.149367 0.879224 6.513500 0.000000 0.000000 0.000000 1.000000
0.898457 0.048861 0.436334 1.041900 -0.110136 0.987095 0.116247 22.231001 -0.425023 -0.152499 0.892244 6.513500 0.000000 0.000000 0.000000 1.000000
0.912813 0.027676 0.407438 1.041900 -0.083888 0.989132 0.120753 22.231001 -0.399668 -0.144404 0.905214 6.513500 0.000000 0.000000 0.000000 1.000000
0.923859 0.011936 0.382548 1.041900 -0.060821 0.991391 0.115951 22.231001 -0.377870 -0.130390 0.916631 6.513500 0.000000 0.000000 0.000000 1.000000
0.931697 0.004672 0.363206 1.041900 -0.047164 0.993009 0.108210 22.231001 -0.360161 -0.117949 0.925404 6.513500 0.000000 0.000000 0.000000 1.000000
0.937032 0.006168 0.349190 1.041900 -0.044691 0.993742 0.102370 22.231001 -0.346373 -0.111530 0.931443 6.513500 0.000000 0.000000 0.000000 1.000000</float_array><technique_common><accessor source="#mixamorig_Head-Matrix-animation-output-transform-array" count="32" stride="16"><param type="float4x4"/></accessor></technique_common></source><source id="mixamorig_Head-Interpolations"><Name_array id="mixamorig_Head-Interpolations-array" count="32">
 LINEAR LINEAR LINEAR LINEAR LINEAR LINEAR LINEAR LINEAR LINEAR LINEAR LINEAR
LINEAR LINEAR LINEAR LINEAR LINEAR LINEAR LINEAR LINEAR LINEAR LINEAR LINEAR LINEAR
