<?xml version="1.0" encoding="utf-8"?>
<COLLADA xmlns="http://www.collada.org/2005/11/COLLADASchema" version="1.4.1">
  <asset><contributor><author>Mixamo</author><authoring_tool>COLLADA Mixamo exporter</authoring_tool><comments></comments></contributor><created>2018-12-19T01:02:33Z</created><modified>2018-12-19T01:02:33Z</modified><revision></revision><title></title><unit meter="0.010000"/><up_axis>Y_UP</up_axis></asset>
  <library_animations>
    <animation id="mixamorig_Hips-anim" name="mixamorig_Hips"><source id="mixamorig_Hips-Matrix-animation-input"><float_array id="mixamorig_Hips-Matrix-animation-input-array" count="38">

0.000000 0.033333 0.066667 0.100000 0.133333 0.166667 0.200000 0.233333 0.266667 0.300000 0.333333 0.366667 0.400000 0.433333 0.466667 0.500000
0.533333 0.566667 0.600000 0.633333 0.666667 0.700000 0.733333 0.766667 0.800000 0.833333 0.866667 0.900000 0.933333 0.966667 1.000000 1.033333
1.066667 1.100000 1.133333 1.166667 1.200000 1.233333</float_array><technique_common><accessor source="#mixamorig_Hips-Matrix-animation-input-array" count="38"><param name="TIME" type="float"/></accessor></technique_common></source><source id="mixamorig_Hips-Matrix-animation-output-transform"><float_array id="mixamorig_Hips-Matrix-animation-output-transform-array" count="608">

0.877286 -0.044057 -0.477942 0.923702 -0.021704 0.991118 -0.131199 190.895325 0.479477 0.125472 0.868538 -2.655924 0.000000 0.000000 0.000000 1.000000
0.899476 -0.037270 -0.435378 0.264952 -0.025898 0.990058 -0.138256 190.426224 0.436202 0.135633 0.889568 -3.867586 0.000000 0.000000 0.000000 1.000000
0.915657 -0.030756 -0.400782 -0.237579 -0.030271 0.988961 -0.145052 190.024567 0.400819 0.144950 0.904618 -4.647170 0.000000 0.000000 0.000000 1.000000
0.928476 -0.024478 -0.370585 -0.444726 -0.034414 0.987862 -0.151472 189.553604 0.369795 0.153391 0.916364 -4.890182 0.000000 0.000000 0.000000 1.000000
0.943679 -0.017474 -0.330402 -0.722004 -0.036672 0.986927 -0.156938 188.990463 0.328825 0.160215 0.930701 -5.055683 0.000000 0.000000 0.000000 1.000000
0.960624 -0.008816 -0.277713 -1.114323 -0.037735 0.986097 -0.161831 188.388321 0.275279 0.165938 0.946935 -5.238888 0.000000 0.000000 0.000000 1.000000
0.978230 0.004065 -0.207485 -1.808340 -0.039536 0.985147 -0.167101 187.660583 0.203724 0.171667 0.963860 -5.405909 0.000000 0.000000 0.000000 1.000000
0.992013 0.020081 -0.124525 -2.823751 -0.041418 0.984363 -0.171213 186.957428 0.119140 0.175003 0.977333 -5.325825 0.000000 0.000000 0.000000 1.000000
0.998783 0.033690 -0.036011 -4.109324 -0.039406 0.984292 -0.172096 186.059448 0.029647 0.173305 0.984422 -5.005278 0.000000 0.000000 0.000000 1.000000
0.998154 0.043151 0.042741 -5.550240 -0.035385 0.985117 -0.168203 185.162064 -0.049363 0.166381 0.984825 -4.394264 0.000000 0.000000 0.000000 1.000000
0.994363 0.047408 0.094837 -6.860922 -0.031627 0.986370 -0.161472 184.522827 -0.101199 0.157562 0.982310 -3.537925 0.000000 0.000000 0.000000 1.000000
0.993280 0.046587 0.105948 -7.697560 -0.029770 0.987451 -0.155095 184.357605 -0.111844 0.150898 0.982202 -2.417703 0.000000 0.000000 0.000000 1.000000
0.997047 0.039504 0.065857 -7.871305 -0.029275 0.988309 -0.149625 184.576660 -0.070997 0.147255 0.986547 -1.064174 0.000000 0.000000 0.000000 1.000000
0.999055 0.024712 -0.035767 -7.324875 -0.029593 0.989267 -0.143094 185.137787 0.031847 0.144017 0.989063 0.599370 0.000000 0.000000 0.000000 1.000000
0.980295 0.006504 -0.197431 -6.141850 -0.033341 0.990566 -0.132916 186.213028 0.194704 0.136879 0.971264 2.791525 0.000000 0.000000 0.000000 1.000000
0.922529 -0.005505 -0.385889 -4.772384 -0.042682 0.992309 -0.116195 187.583755 0.383561 0.123664 0.915199 5.313853 0.000000 0.000000 0.000000 1.000000
0.817456 -0.010358 -0.575898 -3.344212 -0.050082 0.994773 -0.088981 188.877167 0.573809 0.101580 0.812665 7.930076 0.000000 0.000000 0.000000 1.000000
0.653031 -0.015221 -0.757178 -1.688820 -0.043395 0.997403 -0.057476 189.895447 0.756086 0.070392 0.650675 10.800822 0.000000 0.000000 0.000000 1.000000
0.449097 -0.016786 -0.893325 0.244674 -0.030714 0.998943 -0.034211 189.956543 0.892955 0.042802 0.448106 13.559287 0.000000 0.000000 0.000000 1.000000
0.285332 -0.010252 -0.958374 2.351127 -0.026687 0.999470 -0.018637 188.946884 0.958057 0.030894 0.284907 15.370859 0.000000 0.000000 0.000000 1.000000
0.209018 0.000254 -0.977912 4.492766 -0.028441 0.999579 -0.005820 188.072113 0.977498 0.029029 0.208937 15.714263 0.000000 0.000000 0.000000 1.000000
0.182750 0.007718 -0.983129 6.759027 -0.036886 0.999319 0.000988 187.558151 0.982467 0.036083 0.182910 15.752648 0.000000 0.000000 0.000000 1.000000
0.169439 0.006855 -0.985517 8.737947 -0.045643 0.998957 -0.000899 187.240891 0.984483 0.045134 0.169575 16.188145 0.000000 0.000000 0.000000 1.000000
0.153019 -0.004058 -0.988215 10.128904 -0.046456 0.998856 -0.011295 187.323029 0.987131 0.047637 0.152656 16.829718 0.000000 0.000000 0.000000 1.000000
0.128329 -0.022607 -0.991474 10.886564 -0.037247 0.998925 -0.027598 187.754318 0.991032 0.040471 0.127349 17.418262 0.000000 0.000000 0.000000 1.000000
0.118614 -0.043720 -0.991977 11.267326 -0.025410 0.998569 -0.047049 188.219101 0.992615 0.030787 0.117334 17.406254 0.000000 0.000000 0.000000 1.000000
0.145231 -0.062868 -0.987398 11.354959 -0.016650 0.997683 -0.065972 188.728241 0.989258 0.026022 0.143847 16.406115 0.000000 0.000000 0.000000 1.000000
0.210438 -0.077213 -0.974553 11.089370 -0.011582 0.996609 -0.081461 189.349960 0.977539 0.028429 0.208830 14.488013 0.000000 0.000000 0.000000 1.000000
0.303508 -0.085780 -0.948960 10.440324 -0.007873 0.995680 -0.092521 190.084412 0.952796 0.035552 0.301522 12.021152 0.000000 0.000000 0.000000 1.000000
0.408366 -0.088810 -0.908488 9.479427 -0.004553 0.995045 -0.099319 190.918396 0.912807 0.044695 0.405938 9.487330 0.000000 0.000000 0.000000 1.000000
0.509163 -0.087577 -0.856203 8.319617 -0.002836 0.994633 -0.103422 191.700195 0.860665 0.055087 0.506182 7.271666 0.000000 0.000000 0.000000 1.000000
0.596460 -0.083895 -0.798246 7.061619 -0.002857 0.994294 -0.106635 192.248108 0.802637 0.065884 0.592817 5.492724 0.000000 0.000000 0.000000 1.000000
0.666678 -0.079503 -0.741093 5.887067 -0.003110 0.993989 -0.109431 192.411957 0.745339 0.075260 0.662424 4.035328 0.000000 0.000000 0.000000 1.000000
0.722853 -0.075231 -0.686894 4.888047 -0.002483 0.993767 -0.111453 192.298950 0.690997 0.082269 0.718160 2.661080 0.000000 0.000000 0.000000 1.000000
0.771167 -0.070041 -0.632768 3.889769 -0.003215 0.993488 -0.113888 192.069107 0.636624 0.089861 0.765921 1.193746 0.000000 0.000000 0.000000 1.000000
0.814054 -0.062406 -0.577427 2.774862 -0.008603 0.992806 -0.119427 191.765854 0.580725 0.102188 0.807661 -0.337338 0.000000 0.000000 0.000000 1.000000
0.848321 -0.053243 -0.526798 1.812081 -0.015482 0.992012 -0.125194 191.331451 0.529256 0.114360 0.840720 -1.566599 0.000000 0.000000 0.000000 1.000000
0.877286 -0.044057 -0.477942 0.923690 -0.021704 0.991118 -0.131199 190.895325 0.479477 0.125472 0.868538 -2.655929 0.000000 0.000000 0.000000 1.000000</float_array><technique_common><accessor source="#mixamorig_Hips-Matrix-animation-output-transform-array" count="38" stride="16"><param type="float4x4"/></accessor></technique_common></source><source id="mixamorig_Hips-Interpolations"><Name_array id="mixamorig_Hips-Interpolations-array" count="38">
 LINEAR LINEAR LINEAR LINEAR LINEAR LINEAR LINEAR LINEAR LINEAR LINEAR LINEAR
LINEAR LINEAR LINEAR LINEAR LINEAR LINEAR LINEAR LINEAR LINEAR LINEAR LINEAR LINEAR
LINEAR LINEAR LINEAR LINEAR LINEAR LINEAR LINEAR LINEAR LINEAR LINEAR LINEAR LINEAR
LINEAR LINEAR LINEAR</Name_array><technique_common><accessor source="#mixamorig_Hips-Interpolations-array" count="38"><param type="name"/></accessor></technique_common></source><sampler id="mixamorig_Hips-Matrix-animation-transform"><input semantic="INPUT" source="#mixamorig_Hips-Matrix-animation-input"/><input semantic="OUTPUT" source="#mixamorig_Hips-Matrix-animation-output-transform"/><input semantic="INTERPOLATION" source="#mixamorig_Hips-Interpolations"/></sampler><channel source="#mixamorig_Hips-Matrix-animation-transform" target="mixamorig_Hips/matrix"/></animation>
    <animation id="mixamorig_Spine-anim" name="mixamorig_Spine"><source id="mixamorig_Spine-Matrix-animation-input"><float_array id="mixamorig_Spine-Matrix-animation-input-array" count="38">

0.000000 0.033333 0.066667 0.100000 0.133333 0.166667 0.200000 0.233333 0.266667 0.300000 0.333333 0.366667 0.400000 0.433333 0.466667 0.500000
0.533333 0.566667 0.600000 0.633333 0.666667 0.700000 0.733333 0.766667 0.800000 0.833333 0.866667 0.900000 0.933333 0.966667 1.000000 1.033333
1.066667 1.100000 1.133333 1.166667 1.200000 1.233333</float_array><technique_common><accessor source="#mixamorig_Spine-Matrix-animation-input-array" count="38"><param name="TIME" type="float"/></accessor></technique_common></source><source id="mixamorig_Spine-Matrix-animation-output-transform"><float_array id="mixamorig_Spine-Matrix-animation-output-transform-array" count="608">

0.998721 -0.044375 -0.024216 -0.200200 0.045411 0.997996 0.044073 19.804701 0.022212 -0.045116 0.998735 -3.890100 0.000000 0.000000 0.000000 1.000000
0.998560 -0.047527 -0.024892 -0.200200 0.048581 0.997868 0.043586 19.804701 0.022767 -0.044732 0.998740 -3.890100 0.000000 0.000000 0.000000 1.000000
0.998419 -0.050058 -0.025556 -0.200200 0.051131 0.997757 0.043203 19.804701 0.023336 -0.044442 0.998739 -3.890100 0.000000 0.000000 0.000000 1.000000
0.998279 -0.052600 -0.025946 -0.200200 0.053683 0.997632 0.042985 19.804701 0.023623 -0.044304 0.998739 -3.890100 0.000000 0.000000 0.000000 1.000000
0.998073 -0.056298 -0.026098 -0.200200 0.057396 0.997406 0.043433 19.804701 0.023585 -0.044847 0.998715 -3.890100 0.000000 0.000000 0.000000 1.000000
0.997755 -0.061668 -0.026105 -0.200200 0.062789 0.997030 0.044584 19.804701 0.023278 -0.046123 0.998665 -3.890100 0.000000 0.000000 0.000000 1.000000
0.997328 -0.068540 -0.025269 -0.200200 0.069642 0.996527 0.045656 19.804701 0.022052 -0.047293 0.998638 -3.890100 0.000000 0.000000 0.000000 1.000000
0.996800 -0.076642 -0.022723 -0.200200 0.077628 0.995911 0.046217 19.804701 0.019088 -0.047833 0.998673 -3.890100 0.000000 0.000000 0.000000 1.000000
0.996449 -0.082276 -0.017891 -0.200200 0.083028 0.995468 0.046363 19.804701 0.013996 -0.047683 0.998764 -3.890100 0.000000 0.000000 0.000000 1.000000
0.996300 -0.085287 -0.010620 -0.200200 0.085693 0.995221 0.046808 19.804701 0.006577 -0.047545 0.998847 -3.890100 0.000000 0.000000 0.000000 1.000000
0.996344 -0.085426 -0.000496 -0.200200 0.085350 0.995173 0.048437 19.804701 -0.003644 -0.048302 0.998826 -3.890100 0.000000 0.000000 0.000000 1.000000
0.996524 -0.082294 0.012976 -0.200200 0.081537 0.995375 0.050802 19.804701 -0.017096 -0.049567 0.998624 -3.890100 0.000000 0.000000 0.000000 1.000000
0.996640 -0.076632 0.028906 -0.200200 0.075047 0.995802 0.052398 19.804701 -0.032800 -0.050053 0.998208 -3.890100 0.000000 0.000000 0.000000 1.000000
0.996483 -0.070705 0.044969 -0.200200 0.068338 0.996298 0.052161 19.804701 -0.048491 -0.048904 0.997626 -3.890100 0.000000 0.000000 0.000000 1.000000
0.996246 -0.064218 0.058048 -0.200200 0.061340 0.996860 0.050072 19.804701 -0.061081 -0.046324 0.997057 -3.890100 0.000000 0.000000 0.000000 1.000000
0.996165 -0.057771 0.065713 -0.200200 0.054658 0.997340 0.048224 19.804701 -0.068325 -0.044447 0.996673 -3.890100 0.000000 0.000000 0.000000 1.000000
0.996526 -0.053304 0.063993 -0.200200 0.050345 0.997625 0.047001 19.804701 -0.066347 -0.043616 0.996843 -3.890100 0.000000 0.000000 0.000000 1.000000
0.997625 -0.043168 0.053678 -0.200200 0.040934 0.998276 0.042056 19.804701 -0.055401 -0.039759 0.997672 -3.890100 0.000000 0.000000 0.000000 1.000000
0.998888 -0.024298 0.040412 -0.200200 0.022873 0.999113 0.035352 19.804701 -0.041235 -0.034388 0.998558 -3.890100 0.000000 0.000000 0.000000 1.000000
0.999657 -0.002570 0.026053 -0.200200 0.001690 0.999429 0.033746 19.804701 -0.026125 -0.033690 0.999091 -3.890100 0.000000 0.000000 0.000000 1.000000
0.999761 0.019962 0.008935 -0.200200 -0.020282 0.999099 0.037274 19.804701 -0.008183 -0.037446 0.999265 -3.890100 0.000000 0.000000 0.000000 1.000000
0.999370 0.033757 -0.010973 -0.200200 -0.033291 0.998637 0.040199 19.804701 0.012315 -0.039808 0.999131 -3.890100 0.000000 0.000000 0.000000 1.000000
0.998799 0.040086 -0.028161 -0.200200 -0.038929 0.998421 0.040509 19.804701 0.029740 -0.039364 0.998782 -3.890100 0.000000 0.000000 0.000000 1.000000
0.998257 0.044179 -0.039122 -0.200200 -0.042562 0.998242 0.041236 19.804701 0.040875 -0.039499 0.998383 -3.890100 0.000000 0.000000 0.000000 1.000000
0.997831 0.049306 -0.043617 -0.200200 -0.047412 0.997931 0.043438 19.804701 0.045669 -0.041275 0.998104 -3.890100 0.000000 0.000000 0.000000 1.000000
0.997650 0.052473 -0.044061 -0.200200 -0.050423 0.997649 0.046401 19.804701 0.046393 -0.044070 0.997951 -3.890100 0.000000 0.000000 0.000000 1.000000
0.997803 0.050719 -0.042614 -0.200200 -0.048600 0.997598 0.049364 19.804701 0.045016 -0.047184 0.997871 -3.890100 0.000000 0.000000 0.000000 1.000000
0.998227 0.044343 -0.039705 -0.200200 -0.042243 0.997740 0.052253 19.804701 0.041932 -0.050483 0.997844 -3.890100 0.000000 0.000000 0.000000 1.000000
0.998737 0.035697 -0.035367 -0.200200 -0.033714 0.997907 0.055176 19.804701 0.037262 -0.053914 0.997850 -3.890100 0.000000 0.000000 0.000000 1.000000
0.999192 0.026613 -0.030133 -0.200200 -0.024854 0.998047 0.057319 19.804701 0.031599 -0.056523 0.997901 -3.890100 0.000000 0.000000 0.000000 1.000000
0.999540 0.016675 -0.025341 -0.200200 -0.015193 0.998223 0.057625 19.804701 0.026257 -0.057213 0.998017 -3.890100 0.000000 0.000000 0.000000 1.000000
0.999737 0.005702 -0.022216 -0.200200 -0.004458 0.998441 0.055635 19.804701 0.022499 -0.055522 0.998204 -3.890100 0.000000 0.000000 0.000000 1.000000
0.999758 -0.006347 -0.021062 -0.200200 0.007430 0.998632 0.051764 19.804701 0.020704 -0.051908 0.998437 -3.890100 0.000000 0.000000 0.000000 1.000000
0.999618 -0.017754 -0.021158 -0.200200 0.018747 0.998687 0.047669 19.804701 0.020284 -0.048048 0.998639 -3.890100 0.000000 0.000000 0.000000 1.000000
0.999385 -0.027409 -0.021875 -0.200200 0.028374 0.998580 0.045092 19.804701 0.020608 -0.045685 0.998743 -3.890100 0.000000 0.000000 0.000000 1.000000
0.999136 -0.034789 -0.022725 -0.200200 0.035777 0.998363 0.044621 19.804701 0.021135 -0.045396 0.998745 -3.890100 0.000000 0.000000 0.000000 1.000000
0.998922 -0.040062 -0.023469 -0.200200 0.041072 0.998175 0.044258 19.804701 0.021653 -0.045175 0.998744 -3.890100 0.000000 0.000000 0.000000 1.000000
0.998721 -0.044374 -0.024216 -0.200200 0.045411 0.997996 0.044072 19.804701 0.022212 -0.045116 0.998735 -3.890100 0.000000 0.000000 0.000000 1.000000</float_array><technique_common><accessor source="#mixamorig_Spine-Matrix-animation-output-transform-array" count="38" stride="16"><param type="float4x4"/></accessor></technique_common></source><source id="mixamorig_Spine-Interpolations"><Name_array id="mixamorig_Spine-Interpolations-array" count="38">
 LINEAR LINEAR LINEAR LINEAR LINEAR LINEAR LINEAR LINEAR LINEAR LINEAR LINEAR
LINEAR LINEAR LINEAR LINEAR LINEAR LINEAR LINEAR LINEAR LINEAR LINEAR LINEAR LINEAR
LINEAR LINEAR LINEAR LINEAR LINEAR LINEAR LINEAR LINEAR LINEAR LINEAR LINEAR LINEAR
LINEAR LINEAR LINEAR</Name_array><technique_common><accessor source="#mixamorig_Spine-Interpolations-array" count="38"><param type="name"/></accessor></technique_common></source><sampler id="mixamorig_Spine-Matrix-animation-transform"><input semantic="INPUT" source="#mixamorig_Spine-Matrix-animation-input"/><input semantic="OUTPUT" source="#mixamorig_Spine-Matrix-animation-output-transform"/><input semantic="INTERPOLATION" source="#mixamorig_Spine-Interpolations"/></sampler><channel source="#mixamorig_Spine-Matrix-animation-transform" target="mixamorig_Spine/matrix"/></animation>
    <animation id="mixamorig_Spine1-anim" name="mixamorig_Spine1"><source id="mixamorig_Spine1-Matrix-animation-input"><float_array id="mixamorig_Spine1-Matrix-animation-input-array" count="38">

0.000000 0.033333 0.066667 0.100000 0.133333 0.166667 0.200000 0.233333 0.266667 0.300000 0.333333 0.366667 0.400000 0.433333 0.466667 0.500000
0.533333 0.566667 0.600000 0.633333 0.666667 0.700000 0.733333 0.766667 0.800000 0.833333 0.866667 0.900000 0.933333 0.966667 1.000000 1.033333
1.066667 1.100000 1.133333 1.166667 1.200000 1.233333</float_array><technique_common><accessor source="#mixamorig_Spine1-Matrix-animation-input-array" count="38"><param name="TIME" type="float"/></accessor></technique_common></source><source id="mixamorig_Spine1-Matrix-animation-output-transform"><float_array id="mixamorig_Spine1-Matrix-animation-output-transform-array" count="608">

0.996861 -0.059810 -0.051872 -0.270400 0.060564 0.998079 0.013078 23.500299 0.050990 -0.016179 0.998568 -2.360300 0.000000 0.000000 0.000000 1.000000
0.996846 -0.060626 -0.051219 -0.270400 0.061360 0.998033 0.012876 23.500299 0.050338 -0.015978 0.998604 -2.360300 0.000000 0.000000 0.000000 1.000000
0.996844 -0.061105 -0.050672 -0.270400 0.061826 0.998005 0.012780 23.500299 0.049790 -0.015873 0.998634 -2.360300 0.000000 0.000000 0.000000 1.000000
0.996861 -0.061535 -0.049817 -0.270400 0.062244 0.997979 0.012806 23.500299 0.048928 -0.015867 0.998676 -2.360300 0.000000 0.000000 0.000000 1.000000
0.996901 -0.061616 -0.048911 -0.270400 0.062352 0.997961 0.013653 23.500299 0.047970 -0.016661 0.998710 -2.360300 0.000000 0.000000 0.000000 1.000000
0.996953 -0.061608 -0.047841 -0.270400 0.062386 0.997940 0.014944 23.500299 0.046822 -0.017883 0.998743 -2.360300 0.000000 0.000000 0.000000 1.000000
0.997050 -0.062401 -0.044691 -0.270400 0.063156 0.997880 0.015681 23.500299 0.043617 -0.018457 0.998878 -2.360300 0.000000 0.000000 0.000000 1.000000
0.997256 -0.063543 -0.037973 -0.270400 0.064184 0.997811 0.015923 23.500299 0.036878 -0.018316 0.999152 -2.360300 0.000000 0.000000 0.000000 1.000000
0.997614 -0.063724 -0.026562 -0.270400 0.064157 0.997815 0.015771 23.500299 0.025499 -0.017438 0.999523 -2.360300 0.000000 0.000000 0.000000 1.000000
0.998035 -0.061814 -0.010300 -0.270400 0.061968 0.997960 0.015331 23.500299 0.009332 -0.015939 0.999829 -2.360300 0.000000 0.000000 0.000000 1.000000
0.998331 -0.056665 0.011131 -0.270400 0.056492 0.998287 0.015245 23.500299 -0.011976 -0.014591 0.999822 -2.360300 0.000000 0.000000 0.000000 1.000000
0.998116 -0.048263 0.037894 -0.270400 0.047706 0.998742 0.015468 23.500299 -0.038592 -0.013631 0.999162 -2.360300 0.000000 0.000000 0.000000 1.000000
0.996920 -0.038871 0.068109 -0.270400 0.037872 0.999156 0.015893 23.500299 -0.068669 -0.013265 0.997551 -2.360300 0.000000 0.000000 0.000000 1.000000
0.994820 -0.031205 0.096743 -0.270400 0.029663 0.999410 0.017339 23.500299 -0.097227 -0.014379 0.995158 -2.360300 0.000000 0.000000 0.000000 1.000000
0.992784 -0.025806 0.117107 -0.270400 0.023726 0.999536 0.019122 23.500299 -0.117546 -0.016206 0.992935 -2.360300 0.000000 0.000000 0.000000 1.000000
0.991808 -0.021723 0.125880 -0.270400 0.019340 0.999610 0.020122 23.500299 -0.126268 -0.017522 0.991841 -2.360300 0.000000 0.000000 0.000000 1.000000
0.992868 -0.020254 0.117483 -0.270400 0.017849 0.999610 0.021481 23.500299 -0.117872 -0.019231 0.992843 -2.360300 0.000000 0.000000 0.000000 1.000000
0.995591 -0.021683 0.091260 -0.270400 0.019862 0.999586 0.020822 23.500299 -0.091673 -0.018918 0.995609 -2.360300 0.000000 0.000000 0.000000 1.000000
0.998201 -0.022494 0.055583 -0.270400 0.021583 0.999623 0.016944 23.500299 -0.055944 -0.015714 0.998310 -2.360300 0.000000 0.000000 0.000000 1.000000
0.999700 -0.016288 0.018317 -0.270400 0.016018 0.999763 0.014763 23.500299 -0.018553 -0.014466 0.999723 -2.360300 0.000000 0.000000 0.000000 1.000000
0.999787 -0.006185 -0.019695 -0.270400 0.006491 0.999859 0.015509 23.500299 0.019596 -0.015633 0.999686 -2.360300 0.000000 0.000000 0.000000 1.000000
0.998281 -0.003073 -0.058529 -0.270400 0.003876 0.999900 0.013608 23.500299 0.058481 -0.013811 0.998193 -2.360300 0.000000 0.000000 0.000000 1.000000
0.995821 -0.007300 -0.091029 -0.270400 0.008089 0.999933 0.008293 23.500299 0.090963 -0.008995 0.995814 -2.360300 0.000000 0.000000 0.000000 1.000000
0.993773 -0.013879 -0.110559 -0.270400 0.014457 0.999886 0.004429 23.500299 0.110485 -0.006000 0.993860 -2.360300 0.000000 0.000000 0.000000 1.000000
0.993035 -0.016550 -0.116649 -0.270400 0.017170 0.999843 0.004313 23.500299 0.116560 -0.006286 0.993164 -2.360300 0.000000 0.000000 0.000000 1.000000
0.993343 -0.015730 -0.114118 -0.270400 0.016570 0.999842 0.006415 23.500299 0.113999 -0.008263 0.993447 -2.360300 0.000000 0.000000 0.000000 1.000000
0.994114 -0.016962 -0.107003 -0.270400 0.018037 0.999796 0.009088 23.500299 0.106827 -0.010965 0.994217 -2.360300 0.000000 0.000000 0.000000 1.000000
0.995092 -0.022750 -0.096304 -0.270400 0.024031 0.999637 0.012163 23.500299 0.095992 -0.014418 0.995278 -2.360300 0.000000 0.000000 0.000000 1.000000
0.996108 -0.030871 -0.082557 -0.270400 0.032284 0.999353 0.015838 23.500299 0.082015 -0.018442 0.996460 -2.360300 0.000000 0.000000 0.000000 1.000000
0.996968 -0.037674 -0.068089 -0.270400 0.039055 0.999055 0.019056 23.500299 0.067307 -0.021657 0.997497 -2.360300 0.000000 0.000000 0.000000 1.000000
0.997500 -0.042360 -0.056556 -0.270400 0.043583 0.998838 0.020571 23.500299 0.055619 -0.022984 0.998188 -2.360300 0.000000 0.000000 0.000000 1.000000
0.997658 -0.046011 -0.050602 -0.270400 0.047074 0.998691 0.020031 23.500299 0.049614 -0.022367 0.998518 -2.360300 0.000000 0.000000 0.000000 1.000000
0.997522 -0.049477 -0.050012 -0.270400 0.050418 0.998571 0.017740 23.500299 0.049063 -0.020217 0.998591 -2.360300 0.000000 0.000000 0.000000 1.000000
0.997276 -0.052614 -0.051689 -0.270400 0.053447 0.998460 0.014872 23.500299 0.050826 -0.017595 0.998553 -2.360300 0.000000 0.000000 0.000000 1.000000
0.997054 -0.055403 -0.053046 -0.270400 0.056162 0.998338 0.012928 23.500299 0.052242 -0.015869 0.998508 -2.360300 0.000000 0.000000 0.000000 1.000000
0.996934 -0.057603 -0.052957 -0.270400 0.058356 0.998214 0.012787 23.500299 0.052126 -0.015838 0.998515 -2.360300 0.000000 0.000000 0.000000 1.000000
0.996885 -0.058849 -0.052504 -0.270400 0.059603 0.998139 0.012912 23.500299 0.051647 -0.016001 0.998537 -2.360300 0.000000 0.000000 0.000000 1.000000
0.996861 -0.059810 -0.051872 -0.270400 0.060564 0.998079 0.013078 23.500299 0.050990 -0.016179 0.998568 -2.360300 0.000000 0.000000 0.000000 1.000000</float_array><technique_common><accessor source="#mixamorig_Spine1-Matrix-animation-output-transform-array" count="38" stride="16"><param type="float4x4"/></accessor></technique_common></source><source id="mixamorig_Spine1-Interpolations"><Name_array id="mixamorig_Spine1-Interpolations-array" count="38">
 LINEAR LINEAR LINEAR LINEAR LINEAR LINEAR LINEAR LINEAR LINEAR LINEAR LINEAR
LINEAR LINEAR LINEAR LINEAR LINEAR LINEAR LINEAR LINEAR LINEAR LINEAR LINEAR LINEAR
LINEAR LINEAR LINEAR LINEAR LINEAR LINEAR LINEAR LINEAR LINEAR LINEAR LINEAR LINEAR
LINEAR LINEAR LINEAR</Name_array><technique_common><accessor source="#mixamorig_Spine1-Interpolations-array" count="38"><param type="name"/></accessor></technique_common></source><sampler id="mixamorig_Spine1-Matrix-animation-transform"><input semantic="INPUT" source="#mixamorig_Spine1-Matrix-animation-input"/><input semantic="OUTPUT" source="#mixamorig_Spine1-Matrix-animation-output-transform"/><input semantic="INTERPOLATION" source="#mixamorig_Spine1-Interpolations"/></sampler><channel source="#mixamorig_Spine1-Matrix-animation-transform" target="mixamorig_Spine1/matrix"/></animation>
    <animation id="mixamorig_Spine2-anim" name="mixamorig_Spine2"><source id="mixamorig_Spine2-Matrix-animation-input"><float_array id="mixamorig_Spine2-Matrix-animation-input-array" count="38">

0.000000 0.033333 0.066667 0.100000 0.133333 0.166667 0.200000 0.233333 0.266667 0.300000 0.333333 0.366667 0.400000 0.433333 0.466667 0.500000
0.533333 0.566667 0.600000 0.633333 0.666667 0.700000 0.733333 0.766667 0.800000 0.833333 0.866667 0.900000 0.933333 0.966667 1.000000 1.033333
1.066667 1.100000 1.133333 1.166667 1.200000 1.233333</float_array><technique_common><accessor source="#mixamorig_Spine2-Matrix-animation-input-array" count="38"><param name="TIME" type="float"/></accessor></technique_common></source><source id="mixamorig_Spine2-Matrix-animation-output-transform"><float_array id="mixamorig_Spine2-Matrix-animation-output-transform-array" count="608">

0.996853 -0.062867 -0.048296 -0.109100 0.063699 0.997843 0.015892 27.807600 0.047193 -0.018918 0.998707 -1.195400 0.000000 0.000000 0.000000 1.000000
0.996838 -0.063614 -0.047618 -0.109100 0.064424 0.997799 0.015683 27.807600 0.046516 -0.018701 0.998742 -1.195400 0.000000 0.000000 0.000000 1.000000
0.996838 -0.064020 -0.047064 -0.109100 0.064816 0.997776 0.015579 27.807600 0.045962 -0.018580 0.998770 -1.195400 0.000000 0.000000 0.000000 1.000000
0.996857 -0.064363 -0.046200 -0.109100 0.065144 0.997754 0.015597 27.807600 0.045093 -0.018558 0.998810 -1.195400 0.000000 0.000000 0.000000 1.000000
0.996899 -0.064319 -0.045327 -0.109100 0.065118 0.997743 0.016384 27.807600 0.044171 -0.019285 0.998838 -1.195400 0.000000 0.000000 0.000000 1.000000
0.996955 -0.064231 -0.044206 -0.109100 0.065059 0.997727 0.017544 27.807600 0.042979 -0.020367 0.998868 -1.195400 0.000000 0.000000 0.000000 1.000000
0.997054 -0.064869 -0.040932 -0.109100 0.065656 0.997676 0.018192 27.807600 0.039657 -0.020825 0.998996 -1.195400 0.000000 0.000000 0.000000 1.000000
0.997264 -0.065595 -0.034090 -0.109100 0.066247 0.997634 0.018387 27.807600 0.032803 -0.020595 0.999250 -1.195400 0.000000 0.000000 0.000000 1.000000
0.997628 -0.065008 -0.022623 -0.109100 0.065427 0.997690 0.018289 27.807600 0.021382 -0.019725 0.999577 -1.195400 0.000000 0.000000 0.000000 1.000000
0.998053 -0.062046 -0.006424 -0.109100 0.062153 0.997903 0.018046 27.807600 0.005291 -0.018410 0.999817 -1.195400 0.000000 0.000000 0.000000 1.000000
0.998359 -0.055356 0.014697 -0.109100 0.055086 0.998316 0.018210 27.807600 -0.015680 -0.017370 0.999726 -1.195400 0.000000 0.000000 0.000000 1.000000
0.998169 -0.044597 0.040859 -0.109100 0.043872 0.998866 0.018487 27.807600 -0.041637 -0.016660 0.998994 -1.195400 0.000000 0.000000 0.000000 1.000000
0.996994 -0.032475 0.070350 -0.109100 0.031225 0.999336 0.018798 27.807600 -0.070914 -0.016544 0.997345 -1.195400 0.000000 0.000000 0.000000 1.000000
0.994896 -0.023062 0.098231 -0.109100 0.021150 0.999567 0.020465 27.807600 -0.098661 -0.018283 0.994953 -1.195400 0.000000 0.000000 0.000000 1.000000
0.992883 -0.017490 0.117803 -0.109100 0.014874 0.999624 0.023047 27.807600 -0.118162 -0.021131 0.992770 -1.195400 0.000000 0.000000 0.000000 1.000000
0.991951 -0.013718 0.125877 -0.109100 0.010650 0.999630 0.025010 27.807600 -0.126174 -0.023468 0.991730 -1.195400 0.000000 0.000000 0.000000 1.000000
0.993025 -0.012120 0.117282 -0.109100 0.009070 0.999608 0.026502 27.807600 -0.117557 -0.025253 0.992745 -1.195400 0.000000 0.000000 0.000000 1.000000
0.995704 -0.015231 0.091337 -0.109100 0.013033 0.999612 0.024612 27.807600 -0.091676 -0.023316 0.995516 -1.195400 0.000000 0.000000 0.000000 1.000000
0.998256 -0.019132 0.055844 -0.109100 0.018078 0.999650 0.019328 27.807600 -0.056194 -0.018285 0.998252 -1.195400 0.000000 0.000000 0.000000 1.000000
0.999708 -0.015732 0.018319 -0.109100 0.015432 0.999747 0.016386 27.807600 -0.018572 -0.016099 0.999698 -1.195400 0.000000 0.000000 0.000000 1.000000
0.999760 -0.008636 -0.020128 -0.109100 0.008960 0.999831 0.016075 27.807600 0.019986 -0.016252 0.999668 -1.195400 0.000000 0.000000 0.000000 1.000000
0.998234 -0.008510 -0.058791 -0.109100 0.009295 0.999871 0.013088 27.807600 0.058672 -0.013611 0.998185 -1.195400 0.000000 0.000000 0.000000 1.000000
0.995780 -0.014613 -0.090607 -0.109100 0.015407 0.999849 0.008075 27.807600 0.090475 -0.009437 0.995854 -1.195400 0.000000 0.000000 0.000000 1.000000
0.993769 -0.020999 -0.109463 -0.109100 0.021677 0.999752 0.005013 27.807600 0.109331 -0.007354 0.993978 -1.195400 0.000000 0.000000 0.000000 1.000000
0.993065 -0.023098 -0.115279 -0.109100 0.023859 0.999702 0.005229 27.807600 0.115124 -0.007943 0.993319 -1.195400 0.000000 0.000000 0.000000 1.000000
0.993366 -0.022297 -0.112817 -0.109100 0.023249 0.999704 0.007131 27.807600 0.112625 -0.009706 0.993590 -1.195400 0.000000 0.000000 0.000000 1.000000
0.994115 -0.023662 -0.105713 -0.109100 0.024798 0.999648 0.009451 27.807600 0.105453 -0.012017 0.994352 -1.195400 0.000000 0.000000 0.000000 1.000000
0.995081 -0.029015 -0.094719 -0.109100 0.030322 0.999463 0.012391 27.807600 0.094309 -0.015202 0.995427 -1.195400 0.000000 0.000000 0.000000 1.000000
0.996101 -0.036171 -0.080464 -0.109100 0.037592 0.999162 0.016213 27.807600 0.079810 -0.019175 0.996626 -1.195400 0.000000 0.000000 0.000000 1.000000
0.996969 -0.041943 -0.065526 -0.109100 0.043323 0.998865 0.019781 27.807600 0.064622 -0.022560 0.997655 -1.195400 0.000000 0.000000 0.000000 1.000000
0.997505 -0.045855 -0.053679 -0.109100 0.047078 0.998654 0.021748 27.807600 0.052609 -0.024221 0.998321 -1.195400 0.000000 0.000000 0.000000 1.000000
0.997663 -0.049079 -0.047539 -0.109100 0.050157 0.998504 0.021750 27.807600 0.046400 -0.024084 0.998633 -1.195400 0.000000 0.000000 0.000000 1.000000
0.997524 -0.052449 -0.046850 -0.109100 0.053433 0.998371 0.019999 27.807600 0.045724 -0.022453 0.998702 -1.195400 0.000000 0.000000 0.000000 1.000000
0.997272 -0.055671 -0.048471 -0.109100 0.056577 0.998245 0.017518 27.807600 0.047411 -0.020212 0.998671 -1.195400 0.000000 0.000000 0.000000 1.000000
0.997044 -0.058558 -0.049749 -0.109100 0.059406 0.998110 0.015730 27.807600 0.048734 -0.018639 0.998638 -1.195400 0.000000 0.000000 0.000000 1.000000
0.996923 -0.060754 -0.049530 -0.109100 0.061592 0.997980 0.015587 27.807600 0.048483 -0.018590 0.998651 -1.195400 0.000000 0.000000 0.000000 1.000000
0.996875 -0.061964 -0.048991 -0.109100 0.062800 0.997903 0.015705 27.807600 0.047915 -0.018732 0.998676 -1.195400 0.000000 0.000000 0.000000 1.000000
0.996853 -0.062867 -0.048296 -0.109100 0.063699 0.997843 0.015892 27.807600 0.047193 -0.018918 0.998707 -1.195400 0.000000 0.000000 0.000000 1.000000</float_array><technique_common><accessor source="#mixamorig_Spine2-Matrix-animation-output-transform-array" count="38" stride="16"><param type="float4x4"/></accessor></technique_common></source><source id="mixamorig_Spine2-Interpolations"><Name_array id="mixamorig_Spine2-Interpolations-array" count="38">
 LINEAR LINEAR LINEAR LINEAR LINEAR LINEAR LINEAR LINEAR LINEAR LINEAR LINEAR
LINEAR LINEAR LINEAR LINEAR LINEAR LINEAR LINEAR LINEAR LINEAR LINEAR LINEAR LINEAR
LINEAR LINEAR LINEAR LINEAR LINEAR LINEAR LINEAR LINEAR LINEAR LINEAR LINEAR LINEAR
LINEAR LINEAR LINEAR</Name_array><technique_common><accessor source="#mixamorig_Spine2-Interpolations-array" count="38"><param type="name"/></accessor></technique_common></source><sampler id="mixamorig_Spine2-Matrix-animation-transform"><input semantic="INPUT" source="#mixamorig_Spine2-Matrix-animation-input"/><input semantic="OUTPUT" source="#mixamorig_Spine2-Matrix-animation-output-transform"/><input semantic="INTERPOLATION" source="#mixamorig_Spine2-Interpolations"/></sampler><channel source="#mixamorig_Spine2-Matrix-animation-transform" target="mixamorig_Spine2/matrix"/></animation>
    <animation id="mixamorig_Neck-anim" name="mixamorig_Neck"><source id="mixamorig_Neck-Matrix-animation-input"><float_array id="mixamorig_Neck-Matrix-animation-input-array" count="38">

0.000000 0.033333 0.066667 0.100000 0.133333 0.166667 0.200000 0.233333 0.266667 0.300000 0.333333 0.366667 0.400000 0.433333 0.466667 0.500000
0.533333 0.566667 0.600000 0.633333 0.666667 0.700000 0.733333 0.766667 0.800000 0.833333 0.866667 0.900000 0.933333 0.966667 1.000000 1.033333
1.066667 1.100000 1.133333 1.166667 1.200000 1.233333</float_array><technique_common><accessor source="#mixamorig_Neck-Matrix-animation-input-array" count="38"><param name="TIME" type="float"/></accessor></technique_common></source><source id="mixamorig_Neck-Matrix-animation-output-transform"><float_array id="mixamorig_Neck-Matrix-animation-output-transform-array" count="608">

0.995676 0.092849 0.002977 0.573000 -0.090320 0.975058 -0.202743 31.061899 -0.021727 0.201597 0.979228 3.761700 0.000000 0.000000 0.000000 1.000000
0.995174 0.098091 0.002658 0.573000 -0.095544 0.974791 -0.201629 31.061899 -0.022369 0.200402 0.979458 3.761700 0.000000 0.000000 0.000000 1.000000
0.994710 0.102695 0.002533 0.573000 -0.100098 0.974506 -0.200797 31.061899 -0.023089 0.199481 0.979630 3.761700 0.000000 0.000000 0.000000 1.000000
0.994348 0.106154 0.001676 0.573000 -0.103670 0.974244 -0.200252 31.061899 -0.022890 0.198947 0.979743 3.761700 0.000000 0.000000 0.000000 1.000000
0.994314 0.106488 0.000545 0.573000 -0.104214 0.974110 -0.200623 31.061899 -0.021895 0.199426 0.979668 3.761700 0.000000 0.000000 0.000000 1.000000
0.994343 0.106216 -0.000539 0.573000 -0.104204 0.974502 -0.198713 31.061899 -0.020582 0.197645 0.980057 3.761700 0.000000 0.000000 0.000000 1.000000
0.994234 0.107202 -0.002516 0.573000 -0.105648 0.975265 -0.194157 31.061899 -0.018361 0.193304 0.980967 3.761700 0.000000 0.000000 0.000000 1.000000
0.994100 0.108215 -0.007418 0.573000 -0.107664 0.976092 -0.188822 31.061899 -0.013193 0.188506 0.981983 3.761700 0.000000 0.000000 0.000000 1.000000
0.993985 0.108383 -0.015742 0.573000 -0.109424 0.976770 -0.184248 31.061899 -0.004593 0.184862 0.982754 3.761700 0.000000 0.000000 0.000000 1.000000
0.993816 0.108127 -0.025253 0.573000 -0.110916 0.977336 -0.180309 31.061899 0.005184 0.181995 0.983286 3.761700 0.000000 0.000000 0.000000 1.000000
0.993621 0.107632 -0.033642 0.573000 -0.111906 0.977929 -0.176441 31.061899 0.013908 0.179080 0.983736 3.761700 0.000000 0.000000 0.000000 1.000000
0.993507 0.106591 -0.039789 0.573000 -0.111913 0.978551 -0.172956 31.061899 0.020500 0.176286 0.984125 3.761700 0.000000 0.000000 0.000000 1.000000
0.993548 0.104793 -0.043377 0.573000 -0.110729 0.979014 -0.171086 31.061899 0.024538 0.174785 0.984301 3.761700 0.000000 0.000000 0.000000 1.000000
0.993763 0.102334 -0.044303 0.573000 -0.108481 0.979183 -0.171560 31.061899 0.025825 0.175296 0.984177 3.761700 0.000000 0.000000 0.000000 1.000000
0.994115 0.099651 -0.042479 0.573000 -0.105562 0.979189 -0.173337 31.061899 0.024322 0.176801 0.983946 3.761700 0.000000 0.000000 0.000000 1.000000
0.994671 0.096119 -0.037288 0.573000 -0.101195 0.979389 -0.174803 31.061899 0.019717 0.177645 0.983897 3.761700 0.000000 0.000000 0.000000 1.000000
0.995349 0.091716 -0.029463 0.573000 -0.095518 0.979323 -0.178333 31.061899 0.012498 0.180318 0.983529 3.761700 0.000000 0.000000 0.000000 1.000000
0.995886 0.088701 -0.018536 0.573000 -0.090603 0.978198 -0.186870 31.061899 0.001556 0.187780 0.982210 3.761700 0.000000 0.000000 0.000000 1.000000
0.996232 0.086672 -0.003244 0.573000 -0.085590 0.976375 -0.198409 31.061899 -0.014030 0.197939 0.980114 3.761700 0.000000 0.000000 0.000000 1.000000
0.996683 0.080647 0.010917 0.573000 -0.076557 0.974618 -0.210378 31.061899 -0.027606 0.208845 0.977559 3.761700 0.000000 0.000000 0.000000 1.000000
0.997194 0.072812 0.017373 0.573000 -0.067243 0.973289 -0.219517 31.061899 -0.032892 0.217733 0.975454 3.761700 0.000000 0.000000 0.000000 1.000000
0.997172 0.072611 0.019372 0.573000 -0.066573 0.973098 -0.220564 31.061899 -0.034866 0.218651 0.975180 3.761700 0.000000 0.000000 0.000000 1.000000
0.996830 0.076826 0.020679 0.573000 -0.070637 0.974210 -0.214303 31.061899 -0.036610 0.212163 0.976548 3.761700 0.000000 0.000000 0.000000 1.000000
0.996569 0.079922 0.021529 0.573000 -0.073828 0.975899 -0.205357 31.061899 -0.037423 0.203063 0.978450 3.761700 0.000000 0.000000 0.000000 1.000000
0.996467 0.080689 0.023303 0.573000 -0.074490 0.977254 -0.198561 31.061899 -0.038795 0.196124 0.979811 3.761700 0.000000 0.000000 0.000000 1.000000
0.996624 0.078214 0.024945 0.573000 -0.071828 0.977890 -0.196396 31.061899 -0.039754 0.193941 0.980207 3.761700 0.000000 0.000000 0.000000 1.000000
0.997019 0.072974 0.025063 0.573000 -0.066591 0.977894 -0.198215 31.061899 -0.038973 0.195955 0.979838 3.761700 0.000000 0.000000 0.000000 1.000000
0.997509 0.066516 0.023499 0.573000 -0.060420 0.977493 -0.202133 31.061899 -0.036416 0.200209 0.979076 3.761700 0.000000 0.000000 0.000000 1.000000
0.997921 0.061001 0.020793 0.573000 -0.055401 0.976811 -0.206810 31.061899 -0.032926 0.205228 0.978160 3.761700 0.000000 0.000000 0.000000 1.000000
0.998139 0.058489 0.017238 0.573000 -0.053549 0.976022 -0.210983 31.061899 -0.029165 0.209667 0.977338 3.761700 0.000000 0.000000 0.000000 1.000000
0.998115 0.059961 0.013069 0.573000 -0.055793 0.975305 -0.213701 31.061899 -0.025560 0.212569 0.976812 3.761700 0.000000 0.000000 0.000000 1.000000
0.997865 0.064691 0.008974 0.573000 -0.061271 0.974839 -0.214325 31.061899 -0.022613 0.213318 0.976721 3.761700 0.000000 0.000000 0.000000 1.000000
0.997486 0.070617 0.005905 0.573000 -0.067738 0.974657 -0.213200 31.061899 -0.020811 0.212264 0.976991 3.761700 0.000000 0.000000 0.000000 1.000000
0.997122 0.075700 0.004213 0.573000 -0.073103 0.974675 -0.211338 31.061899 -0.020104 0.210422 0.977404 3.761700 0.000000 0.000000 0.000000 1.000000
0.996777 0.080136 0.003659 0.573000 -0.077595 0.974730 -0.209475 31.061899 -0.020353 0.208516 0.977807 3.761700 0.000000 0.000000 0.000000 1.000000
0.996398 0.084716 0.003760 0.573000 -0.082099 0.974823 -0.207315 31.061899 -0.021228 0.206260 0.978267 3.761700 0.000000 0.000000 0.000000 1.000000
0.996051 0.088717 0.003501 0.573000 -0.086124 0.975023 -0.204728 31.061899 -0.021577 0.203618 0.978813 3.761700 0.000000 0.000000 0.000000 1.000000
0.995676 0.092849 0.002977 0.573000 -0.090320 0.975058 -0.202742 31.061899 -0.021727 0.201597 0.979228 3.761700 0.000000 0.000000 0.000000 1.000000</float_array><technique_common><accessor source="#mixamorig_Neck-Matrix-animation-output-transform-array" count="38" stride="16"><param type="float4x4"/></accessor></technique_common></source><source id="mixamorig_Neck-Interpolations"><Name_array id="mixamorig_Neck-Interpolations-array" count="38">
 LINEAR LINEAR LINEAR LINEAR LINEAR LINEAR LINEAR LINEAR LINEAR LINEAR LINEAR
LINEAR LINEAR LINEAR LINEAR LINEAR LINEAR LINEAR LINEAR LINEAR LINEAR LINEAR LINEAR
LINEAR LINEAR LINEAR LINEAR LINEAR LINEAR LINEAR LINEAR LINEAR LINEAR LINEAR LINEAR
LINEAR LINEAR LINEAR</Name_array><technique_common><accessor source="#mixamorig_Neck-Interpolations-array" count="38"><param type="name"/></accessor></technique_common></source><sampler id="mixamorig_Neck-Matrix-animation-transform"><input semantic="INPUT" source="#mixamorig_Neck-Matrix-animation-input"/><input semantic="OUTPUT" source="#mixamorig_Neck-Matrix-animation-output-transform"/><input semantic="INTERPOLATION" source="#mixamorig_Neck-Interpolations"/></sampler><channel source="#mixamorig_Neck-Matrix-animation-transform" target="mixamorig_Neck/matrix"/></animation>
    <animation id="mixamorig_Head-anim" name="mixamorig_Head"><source id="mixamorig_Head-Matrix-animation-input"><float_array id="mixamorig_Head-Matrix-animation-input-array" count="38">

0.000000 0.033333 0.066667 0.100000 0.133333 0.166667 0.200000 0.233333 0.266667 0.300000 0.333333 0.366667 0.400000 0.433333 0.466667 0.500000
0.533333 0.566667 0.600000 0.633333 0.666667 0.700000 0.733333 0.766667 0.800000 0.833333 0.866667 0.900000 0.933333 0.966667 1.000000 1.033333
1.066667 1.100000 1.133333 1.166667 1.200000 1.233333</float_array><technique_common><accessor source="#mixamorig_Head-Matrix-animation-input-array" count="38"><param name="TIME" type="float"/></accessor></technique_common></source><source id="mixamorig_Head-Matrix-animation-output-transform"><float_array id="mixamorig_Head-Matrix-animation-output-transform-array" count="608">

0.991435 0.116096 0.059823 1.041900 -0.124442 0.978762 0.162906 22.231001 -0.039640 -0.168955 0.984826 6.513500 0.000000 0.000000 0.000000 1.000000
