<?xml version="1.0" encoding="utf-8"?>
<COLLADA xmlns="http://www.collada.org/2005/11/COLLADASchema" version="1.4.1">
  <asset><contributor><author>Mixamo</author><authoring_tool>COLLADA Mixamo exporter</authoring_tool><comments></comments></contributor><created>2018-10-17T20:28:59Z</created><modified>2018-10-17T20:28:59Z</modified><revision></revision><title></title><unit meter="0.010000"/><up_axis>Y_UP</up_axis></asset>
  <library_animations>
    <animation id="mixamorig_Hips-anim" name="mixamorig_Hips"><source id="mixamorig_Hips-Matrix-animation-input"><float_array id="mixamorig_Hips-Matrix-animation-input-array" count="21">

0.000000 0.033333 0.066667 0.100000 0.133333 0.166667 0.200000 0.233333 0.266667 0.300000 0.333333 0.366667 0.400000 0.433333 0.466667 0.500000
0.533333 0.566667 0.600000 0.633333 0.666667</float_array><technique_common><accessor source="#mixamorig_Hips-Matrix-animation-input-array" count="21"><param name="TIME" type="float"/></accessor></technique_common></source><source id="mixamorig_Hips-Matrix-animation-output-transform"><float_array id="mixamorig_Hips-Matrix-animation-output-transform-array" count="336">

0.280048 0.340775 0.897466 0.341457 -0.115572 0.940043 -0.320878 185.966370 -0.953004 -0.013861 0.302641 -0.273909 0.000000 0.000000 0.000000 1.000000
0.279450 0.337092 0.899042 27.959423 -0.108209 0.941437 -0.319353 185.481781 -0.954043 -0.008041 0.299561 -0.217583 0.000000 0.000000 0.000000 1.000000
0.278497 0.327533 0.902863 55.854687 -0.064183 0.944300 -0.322767 187.450043 -0.958290 0.031941 0.284006 -0.667953 0.000000 0.000000 0.000000 1.000000
0.271477 0.322289 0.906879 84.292397 0.012121 0.941047 -0.338060 190.347839 -0.962369 0.102767 0.251566 -1.450463 0.000000 0.000000 0.000000 1.000000
0.243949 0.331603 0.911334 112.432831 0.051498 0.933969 -0.353624 192.673462 -0.968420 0.133198 0.210764 -2.257690 0.000000 0.000000 0.000000 1.000000
0.222382 0.349938 0.909995 141.678131 0.023950 0.931124 -0.363916 194.015198 -0.974665 0.102722 0.198684 -2.580979 0.000000 0.000000 0.000000 1.000000
0.201358 0.346443 0.916205 171.961304 0.002612 0.935171 -0.354188 193.351501 -0.979514 0.073712 0.187399 -2.449214 0.000000 0.000000 0.000000 1.000000
0.173183 0.332253 0.927154 203.149475 0.010060 0.940733 -0.338999 191.699219 -0.984838 0.068036 0.159576 -2.736614 0.000000 0.000000 0.000000 1.000000
0.159432 0.325134 0.932132 232.235336 0.021732 0.942824 -0.332581 189.696762 -0.986970 0.073282 0.143251 -3.215163 0.000000 0.000000 0.000000 1.000000
0.161072 0.336644 0.927754 258.763245 0.022482 0.938532 -0.344458 187.294510 -0.986687 0.076341 0.143603 -3.228662 0.000000 0.000000 0.000000 1.000000
0.154512 0.344177 0.926104 288.061096 0.011956 0.936641 -0.350087 186.184647 -0.987919 0.065165 0.140607 -3.260883 0.000000 0.000000 0.000000 1.000000
0.132503 0.360013 0.923490 317.223297 -0.027420 0.932680 -0.359661 187.333206 -0.990803 0.022334 0.133454 -3.046047 0.000000 0.000000 0.000000 1.000000
0.122217 0.359128 0.925251 348.340881 -0.077336 0.932852 -0.351862 190.176346 -0.989486 -0.028552 0.141784 -3.143330 0.000000 0.000000 0.000000 1.000000
0.136404 0.364038 0.921342 378.980316 -0.128087 0.928709 -0.347986 191.607849 -0.982338 -0.070545 0.173308 -3.246731 0.000000 0.000000 0.000000 1.000000
0.169412 0.353343 0.920026 410.281097 -0.115609 0.934200 -0.337499 193.237457 -0.978741 -0.049187 0.199115 -3.584795 0.000000 0.000000 0.000000 1.000000
0.205452 0.330821 0.921057 444.674347 -0.066501 0.943678 -0.324113 192.594940 -0.976405 0.005338 0.215880 -3.341888 0.000000 0.000000 0.000000 1.000000
0.250044 0.301920 0.919958 478.842285 -0.045986 0.952770 -0.300190 192.373901 -0.967142 0.032755 0.252118 -3.064151 0.000000 0.000000 0.000000 1.000000
0.278752 0.283723 0.917496 508.851898 -0.057927 0.958591 -0.278832 191.274643 -0.958615 0.024577 0.283644 -2.741368 0.000000 0.000000 0.000000 1.000000
0.260121 0.294550 0.919553 537.488037 -0.073295 0.955612 -0.285367 188.521851 -0.962790 0.006831 0.270164 -1.847038 0.000000 0.000000 0.000000 1.000000
0.261474 0.346756 0.900773 564.568726 -0.119345 0.937693 -0.326326 185.683914 -0.957804 -0.022177 0.286566 -1.452424 0.000000 0.000000 0.000000 1.000000
0.280048 0.340775 0.897466 594.691406 -0.115572 0.940043 -0.320878 185.966370 -0.953004 -0.013861 0.302641 -0.273905 0.000000 0.000000 0.000000 1.000000</float_array><technique_common><accessor source="#mixamorig_Hips-Matrix-animation-output-transform-array" count="21" stride="16"><param type="float4x4"/></accessor></technique_common></source><source id="mixamorig_Hips-Interpolations"><Name_array id="mixamorig_Hips-Interpolations-array" count="21">
 LINEAR LINEAR LINEAR LINEAR LINEAR LINEAR LINEAR LINEAR LINEAR LINEAR LINEAR
LINEAR LINEAR LINEAR LINEAR LINEAR LINEAR LINEAR LINEAR LINEAR LINEAR</Name_array><technique_common><accessor source="#mixamorig_Hips-Interpolations-array" count="21"><param type="name"/></accessor></technique_common></source><sampler id="mixamorig_Hips-Matrix-animation-transform"><input semantic="INPUT" source="#mixamorig_Hips-Matrix-animation-input"/><input semantic="OUTPUT" source="#mixamorig_Hips-Matrix-animation-output-transform"/><input semantic="INTERPOLATION" source="#mixamorig_Hips-Interpolations"/></sampler><channel source="#mixamorig_Hips-Matrix-animation-transform" target="mixamorig_Hips/matrix"/></animation>
    <animation id="mixamorig_Spine-anim" name="mixamorig_Spine"><source id="mixamorig_Spine-Matrix-animation-input"><float_array id="mixamorig_Spine-Matrix-animation-input-array" count="21">

0.000000 0.033333 0.066667 0.100000 0.133333 0.166667 0.200000 0.233333 0.266667 0.300000 0.333333 0.366667 0.400000 0.433333 0.466667 0.500000
0.533333 0.566667 0.600000 0.633333 0.666667</float_array><technique_common><accessor source="#mixamorig_Spine-Matrix-animation-input-array" count="21"><param name="TIME" type="float"/></accessor></technique_common></source><source id="mixamorig_Spine-Matrix-animation-output-transform"><float_array id="mixamorig_Spine-Matrix-animation-output-transform-array" count="336">

0.984408 -0.124937 -0.123818 -0.200200 0.104234 0.981350 -0.161518 19.804701 0.141689 0.146094 0.979071 -3.890100 0.000000 0.000000 0.000000 1.000000
0.989765 -0.105875 -0.095682 -0.200200 0.090010 0.983466 -0.157142 19.804701 0.110737 0.146922 0.982930 -3.890100 0.000000 0.000000 0.000000 1.000000
0.995681 -0.051083 -0.077527 -0.200200 0.039987 0.989558 -0.138475 19.804701 0.083791 0.134777 0.987327 -3.890100 0.000000 0.000000 0.000000 1.000000
0.998121 0.010739 -0.060330 -0.200200 -0.017877 0.992726 -0.119059 19.804701 0.058613 0.119914 0.991053 -3.890100 0.000000 0.000000 0.000000 1.000000
0.998686 0.035428 -0.037026 -0.200200 -0.039341 0.993047 -0.110947 19.804701 0.032837 0.112258 0.993136 -3.890100 0.000000 0.000000 0.000000 1.000000
0.999700 0.016313 -0.018293 -0.200200 -0.018305 0.993239 -0.114634 19.804701 0.016299 0.114935 0.993239 -3.890100 0.000000 0.000000 0.000000 1.000000
0.999577 -0.015777 -0.024422 -0.200200 0.012681 0.992439 -0.122082 19.804701 0.026164 0.121721 0.992220 -3.890100 0.000000 0.000000 0.000000 1.000000
0.997584 -0.033325 -0.060961 -0.200200 0.025274 0.991405 -0.128361 19.804701 0.064715 0.126510 0.989852 -3.890100 0.000000 0.000000 0.000000 1.000000
0.993085 -0.033347 -0.112562 -0.200200 0.017773 0.990463 -0.136626 19.804701 0.116045 0.133680 0.984207 -3.890100 0.000000 0.000000 0.000000 1.000000
0.986653 -0.033166 -0.159425 -0.200200 0.009061 0.988703 -0.149612 19.804701 0.162586 0.146171 0.975807 -3.890100 0.000000 0.000000 0.000000 1.000000
0.978862 -0.055844 -0.196748 -0.200200 0.023848 0.986604 -0.161380 19.804701 0.203124 0.153277 0.967082 -3.890100 0.000000 0.000000 0.000000 1.000000
0.966841 -0.110731 -0.230124 -0.200200 0.072585 0.983096 -0.168088 19.804701 0.244847 0.145811 0.958535 -3.890100 0.000000 0.000000 0.000000 1.000000
0.947986 -0.177157 -0.264458 -0.200200 0.133652 0.975559 -0.174420 19.804701 0.288894 0.130003 0.948493 -3.890100 0.000000 0.000000 0.000000 1.000000
0.929389 -0.217431 -0.298261 -0.200200 0.169430 0.969222 -0.178612 19.804701 0.327917 0.115466 0.937624 -3.890100 0.000000 0.000000 0.000000 1.000000
0.922108 -0.208350 -0.326047 -0.200200 0.159587 0.972425 -0.170061 19.804701 0.352489 0.104781 0.929931 -3.890100 0.000000 0.000000 0.000000 1.000000
0.927071 -0.166201 -0.336031 -0.200200 0.121241 0.981107 -0.150765 19.804701 0.354740 0.099029 0.929706 -3.890100 0.000000 0.000000 0.000000 1.000000
0.940032 -0.130730 -0.315040 -0.200200 0.090855 0.986235 -0.138152 19.804701 0.328764 0.101244 0.938970 -3.890100 0.000000 0.000000 0.000000 1.000000
0.956195 -0.125612 -0.264412 -0.200200 0.090577 0.985886 -0.140803 19.804701 0.278366 0.110685 0.954076 -3.890100 0.000000 0.000000 0.000000 1.000000
0.970126 -0.137006 -0.200213 -0.200200 0.108115 0.982945 -0.148764 19.804701 0.217179 0.122674 0.968393 -3.890100 0.000000 0.000000 0.000000 1.000000
0.979681 -0.141721 -0.141916 -0.200200 0.119536 0.980776 -0.154237 19.804701 0.161047 0.134139 0.977789 -3.890100 0.000000 0.000000 0.000000 1.000000
0.984408 -0.124938 -0.123819 -0.200200 0.104234 0.981350 -0.161518 19.804701 0.141690 0.146094 0.979071 -3.890100 0.000000 0.000000 0.000000 1.000000</float_array><technique_common><accessor source="#mixamorig_Spine-Matrix-animation-output-transform-array" count="21" stride="16"><param type="float4x4"/></accessor></technique_common></source><source id="mixamorig_Spine-Interpolations"><Name_array id="mixamorig_Spine-Interpolations-array" count="21">
 LINEAR LINEAR LINEAR LINEAR LINEAR LINEAR LINEAR LINEAR LINEAR LINEAR LINEAR
LINEAR LINEAR LINEAR LINEAR LINEAR LINEAR LINEAR LINEAR LINEAR LINEAR</Name_array><technique_common><accessor source="#mixamorig_Spine-Interpolations-array" count="21"><param type="name"/></accessor></technique_common></source><sampler id="mixamorig_Spine-Matrix-animation-transform"><input semantic="INPUT" source="#mixamorig_Spine-Matrix-animation-input"/><input semantic="OUTPUT" source="#mixamorig_Spine-Matrix-animation-output-transform"/><input semantic="INTERPOLATION" source="#mixamorig_Spine-Interpolations"/></sampler><channel source="#mixamorig_Spine-Matrix-animation-transform" target="mixamorig_Spine/matrix"/></animation>
    <animation id="mixamorig_Spine1-anim" name="mixamorig_Spine1"><source id="mixamorig_Spine1-Matrix-animation-input"><float_array id="mixamorig_Spine1-Matrix-animation-input-array" count="21">

0.000000 0.033333 0.066667 0.100000 0.133333 0.166667 0.200000 0.233333 0.266667 0.300000 0.333333 0.366667 0.400000 0.433333 0.466667 0.500000
0.533333 0.566667 0.600000 0.633333 0.666667</float_array><technique_common><accessor source="#mixamorig_Spine1-Matrix-animation-input-array" count="21"><param name="TIME" type="float"/></accessor></technique_common></source><source id="mixamorig_Spine1-Matrix-animation-output-transform"><float_array id="mixamorig_Spine1-Matrix-animation-output-transform-array" count="336">

0.997439 -0.042933 -0.057203 -0.270400 0.039551 0.997474 -0.059008 23.500299 0.059592 0.056595 0.996617 -2.360300 0.000000 0.000000 0.000000 1.000000
0.998335 -0.037344 -0.043961 -0.270400 0.034743 0.997683 -0.058501 23.500299 0.046044 0.056876 0.997319 -2.360300 0.000000 0.000000 0.000000 1.000000
0.999193 -0.023824 -0.032343 -0.270400 0.022047 0.998286 -0.054221 23.500299 0.033579 0.053465 0.998005 -2.360300 0.000000 0.000000 0.000000 1.000000
0.999732 -0.008506 -0.021547 -0.270400 0.007421 0.998724 -0.049949 23.500299 0.021944 0.049776 0.998519 -2.360300 0.000000 0.000000 0.000000 1.000000
0.999925 -0.001310 -0.012165 -0.270400 0.000725 0.998852 -0.047898 23.500299 0.012214 0.047885 0.998778 -2.360300 0.000000 0.000000 0.000000 1.000000
0.999955 -0.004918 -0.008072 -0.270400 0.004528 0.998856 -0.047599 23.500299 0.008297 0.047560 0.998834 -2.360300 0.000000 0.000000 0.000000 1.000000
0.999835 -0.012122 -0.013552 -0.270400 0.011457 0.998776 -0.048109 23.500299 0.014119 0.047946 0.998750 -2.360300 0.000000 0.000000 0.000000 1.000000
0.999477 -0.016204 -0.028000 -0.270400 0.014800 0.998657 -0.049646 23.500299 0.028767 0.049205 0.998374 -2.360300 0.000000 0.000000 0.000000 1.000000
0.998783 -0.017279 -0.046205 -0.270400 0.014801 0.998462 -0.053437 23.500299 0.047057 0.052688 0.997502 -2.360300 0.000000 0.000000 0.000000 1.000000
0.997736 -0.019937 -0.064224 -0.270400 0.016134 0.998116 -0.059192 23.500299 0.065283 0.058022 0.996178 -2.360300 0.000000 0.000000 0.000000 1.000000
0.996198 -0.028626 -0.082285 -0.270400 0.023478 0.997746 -0.062865 23.500299 0.083899 0.060694 0.994624 -2.360300 0.000000 0.000000 0.000000 1.000000
0.993921 -0.043056 -0.101326 -0.270400 0.036883 0.997393 -0.062027 23.500299 0.103732 0.057913 0.992918 -2.360300 0.000000 0.000000 0.000000 1.000000
0.991228 -0.056977 -0.119251 -0.270400 0.050120 0.996956 -0.059729 23.500299 0.122291 0.053228 0.991066 -2.360300 0.000000 0.000000 0.000000 1.000000
0.989227 -0.063567 -0.131867 -0.270400 0.056329 0.996731 -0.057914 23.500299 0.135118 0.049862 0.989574 -2.360300 0.000000 0.000000 0.000000 1.000000
0.988640 -0.061799 -0.137012 -0.270400 0.054811 0.997024 -0.054206 23.500299 0.139955 0.046081 0.989085 -2.360300 0.000000 0.000000 0.000000 1.000000
0.989163 -0.056516 -0.135506 -0.270400 0.050335 0.997548 -0.048617 23.500299 0.137922 0.041269 0.989583 -2.360300 0.000000 0.000000 0.000000 1.000000
0.990362 -0.052922 -0.127992 -0.270400 0.047386 0.997821 -0.045917 23.500299 0.130143 0.039410 0.990712 -2.360300 0.000000 0.000000 0.000000 1.000000
0.992243 -0.051965 -0.112933 -0.270400 0.046765 0.997741 -0.048218 23.500299 0.115184 0.042563 0.992432 -2.360300 0.000000 0.000000 0.000000 1.000000
0.994622 -0.051341 -0.089947 -0.270400 0.046779 0.997545 -0.052118 23.500299 0.092402 0.047630 0.994582 -2.360300 0.000000 0.000000 0.000000 1.000000
0.996606 -0.048604 -0.066437 -0.270400 0.044970 0.997466 -0.055137 23.500299 0.068948 0.051962 0.996266 -2.360300 0.000000 0.000000 0.000000 1.000000
0.997439 -0.042933 -0.057203 -0.270400 0.039551 0.997474 -0.059008 23.500299 0.059592 0.056595 0.996617 -2.360300 0.000000 0.000000 0.000000 1.000000</float_array><technique_common><accessor source="#mixamorig_Spine1-Matrix-animation-output-transform-array" count="21" stride="16"><param type="float4x4"/></accessor></technique_common></source><source id="mixamorig_Spine1-Interpolations"><Name_array id="mixamorig_Spine1-Interpolations-array" count="21">
 LINEAR LINEAR LINEAR LINEAR LINEAR LINEAR LINEAR LINEAR LINEAR LINEAR LINEAR
LINEAR LINEAR LINEAR LINEAR LINEAR LINEAR LINEAR LINEAR LINEAR LINEAR</Name_array><technique_common><accessor source="#mixamorig_Spine1-Interpolations-array" count="21"><param type="name"/></accessor></technique_common></source><sampler id="mixamorig_Spine1-Matrix-animation-transform"><input semantic="INPUT" source="#mixamorig_Spine1-Matrix-animation-input"/><input semantic="OUTPUT" source="#mixamorig_Spine1-Matrix-animation-output-transform"/><input semantic="INTERPOLATION" source="#mixamorig_Spine1-Interpolations"/></sampler><channel source="#mixamorig_Spine1-Matrix-animation-transform" target="mixamorig_Spine1/matrix"/></animation>
    <animation id="mixamorig_Spine2-anim" name="mixamorig_Spine2"><source id="mixamorig_Spine2-Matrix-animation-input"><float_array id="mixamorig_Spine2-Matrix-animation-input-array" count="21">

0.000000 0.033333 0.066667 0.100000 0.133333 0.166667 0.200000 0.233333 0.266667 0.300000 0.333333 0.366667 0.400000 0.433333 0.466667 0.500000
0.533333 0.566667 0.600000 0.633333 0.666667</float_array><technique_common><accessor source="#mixamorig_Spine2-Matrix-animation-input-array" count="21"><param name="TIME" type="float"/></accessor></technique_common></source><source id="mixamorig_Spine2-Matrix-animation-output-transform"><float_array id="mixamorig_Spine2-Matrix-animation-output-transform-array" count="336">

0.997419 -0.043780 -0.056902 -0.109100 0.040433 0.997457 -0.058684 27.807600 0.059327 0.056232 0.996654 -1.195400 0.000000 0.000000 0.000000 1.000000
0.998317 -0.037981 -0.043818 -0.109100 0.035401 0.997676 -0.058213 27.807600 0.045927 0.056564 0.997342 -1.195400 0.000000 0.000000 0.000000 1.000000
0.999179 -0.024211 -0.032487 -0.109100 0.022435 0.998292 -0.053950 27.807600 0.033738 0.053177 0.998015 -1.195400 0.000000 0.000000 0.000000 1.000000
0.999722 -0.008683 -0.021934 -0.109100 0.007584 0.998734 -0.049727 27.807600 0.022338 0.049547 0.998522 -1.195400 0.000000 0.000000 0.000000 1.000000
0.999920 -0.001396 -0.012608 -0.109100 0.000792 0.998859 -0.047757 27.807600 0.012661 0.047743 0.998779 -1.195400 0.000000 0.000000 0.000000 1.000000
0.999952 -0.005027 -0.008407 -0.109100 0.004622 0.998860 -0.047511 27.807600 0.008636 0.047470 0.998835 -1.195400 0.000000 0.000000 0.000000 1.000000
0.999830 -0.012305 -0.013735 -0.109100 0.011633 0.998779 -0.048006 27.807600 0.014309 0.047838 0.998753 -1.195400 0.000000 0.000000 0.000000 1.000000
0.999470 -0.016480 -0.028073 -0.109100 0.015077 0.998661 -0.049487 27.807600 0.028850 0.049038 0.998380 -1.195400 0.000000 0.000000 0.000000 1.000000
0.998775 -0.017707 -0.046195 -0.109100 0.015238 0.998464 -0.053259 27.807600 0.047068 0.052490 0.997512 -1.195400 0.000000 0.000000 0.000000 1.000000
0.997731 -0.020637 -0.064092 -0.109100 0.016850 0.998112 -0.059071 27.807600 0.065190 0.057857 0.996194 -1.195400 0.000000 0.000000 0.000000 1.000000
0.996192 -0.029670 -0.081977 -0.109100 0.024548 0.997724 -0.062798 27.807600 0.083654 0.060547 0.994654 -1.195400 0.000000 0.000000 0.000000 1.000000
0.993908 -0.044350 -0.100898 -0.109100 0.038227 0.997354 -0.061832 27.807600 0.103374 0.057598 0.992973 -1.195400 0.000000 0.000000 0.000000 1.000000
0.991195 -0.058343 -0.118860 -0.109100 0.051587 0.996915 -0.059150 27.807600 0.121945 0.052498 0.991148 -1.195400 0.000000 0.000000 0.000000 1.000000
0.989174 -0.065013 -0.131562 -0.109100 0.057932 0.996694 -0.056957 27.807600 0.134830 0.048719 0.989670 -1.195400 0.000000 0.000000 0.000000 1.000000
0.988583 -0.063577 -0.136609 -0.109100 0.056757 0.996966 -0.053258 27.807600 0.139580 0.044897 0.989192 -1.195400 0.000000 0.000000 0.000000 1.000000
0.989125 -0.058779 -0.134820 -0.109100 0.052723 0.997452 -0.048058 27.807600 0.137301 0.040427 0.989704 -1.195400 0.000000 0.000000 0.000000 1.000000
0.990342 -0.055393 -0.127098 -0.109100 0.049937 0.997705 -0.045724 27.807600 0.129340 0.038935 0.990836 -1.195400 0.000000 0.000000 0.000000 1.000000
0.992223 -0.054101 -0.112099 -0.109100 0.048964 0.997643 -0.048082 27.807600 0.114436 0.042220 0.992533 -1.195400 0.000000 0.000000 0.000000 1.000000
0.994599 -0.052806 -0.089357 -0.109100 0.048302 0.997487 -0.051839 27.807600 0.091870 0.047243 0.994650 -1.195400 0.000000 0.000000 0.000000 1.000000
0.996585 -0.049529 -0.066066 -0.109100 0.045942 0.997442 -0.054762 27.807600 0.068610 0.051540 0.996311 -1.195400 0.000000 0.000000 0.000000 1.000000
0.997419 -0.043780 -0.056902 -0.109100 0.040433 0.997457 -0.058684 27.807600 0.059327 0.056232 0.996654 -1.195400 0.000000 0.000000 0.000000 1.000000</float_array><technique_common><accessor source="#mixamorig_Spine2-Matrix-animation-output-transform-array" count="21" stride="16"><param type="float4x4"/></accessor></technique_common></source><source id="mixamorig_Spine2-Interpolations"><Name_array id="mixamorig_Spine2-Interpolations-array" count="21">
 LINEAR LINEAR LINEAR LINEAR LINEAR LINEAR LINEAR LINEAR LINEAR LINEAR LINEAR
LINEAR LINEAR LINEAR LINEAR LINEAR LINEAR LINEAR LINEAR LINEAR LINEAR</Name_array><technique_common><accessor source="#mixamorig_Spine2-Interpolations-array" count="21"><param type="name"/></accessor></technique_common></source><sampler id="mixamorig_Spine2-Matrix-animation-transform"><input semantic="INPUT" source="#mixamorig_Spine2-Matrix-animation-input"/><input semantic="OUTPUT" source="#mixamorig_Spine2-Matrix-animation-output-transform"/><input semantic="INTERPOLATION" source="#mixamorig_Spine2-Interpolations"/></sampler><channel source="#mixamorig_Spine2-Matrix-animation-transform" target="mixamorig_Spine2/matrix"/></animation>
    <animation id="mixamorig_Neck-anim" name="mixamorig_Neck"><source id="mixamorig_Neck-Matrix-animation-input"><float_array id="mixamorig_Neck-Matrix-animation-input-array" count="21">

0.000000 0.033333 0.066667 0.100000 0.133333 0.166667 0.200000 0.233333 0.266667 0.300000 0.333333 0.366667 0.400000 0.433333 0.466667 0.500000
0.533333 0.566667 0.600000 0.633333 0.666667</float_array><technique_common><accessor source="#mixamorig_Neck-Matrix-animation-input-array" count="21"><param name="TIME" type="float"/></accessor></technique_common></source><source id="mixamorig_Neck-Matrix-animation-output-transform"><float_array id="mixamorig_Neck-Matrix-animation-output-transform-array" count="336">

0.992070 0.039773 -0.119226 0.573000 -0.037691 0.999096 0.019665 31.061899 0.119900 -0.015015 0.992672 3.761700 0.000000 0.000000 0.000000 1.000000
0.990544 0.038164 -0.131777 0.573000 -0.036100 0.999186 0.018017 31.061899 0.132357 -0.013089 0.991116 3.761700 0.000000 0.000000 0.000000 1.000000
0.988800 0.030075 -0.146187 0.573000 -0.028269 0.999496 0.014416 31.061899 0.146547 -0.010122 0.989152 3.761700 0.000000 0.000000 0.000000 1.000000
0.986532 0.018439 -0.162529 0.573000 -0.015727 0.999715 0.017960 31.061899 0.162814 -0.015162 0.986540 3.761700 0.000000 0.000000 0.000000 1.000000
0.984193 0.010961 -0.176761 0.573000 -0.005711 0.999528 0.030181 31.061899 0.177008 -0.028694 0.983791 3.761700 0.000000 0.000000 0.000000 1.000000
0.983164 0.010090 -0.182445 0.573000 -0.002809 0.999191 0.040122 31.061899 0.182703 -0.038934 0.982397 3.761700 0.000000 0.000000 0.000000 1.000000
0.984207 0.012461 -0.176585 0.573000 -0.005724 0.999238 0.038611 31.061899 0.176931 -0.036991 0.983528 3.761700 0.000000 0.000000 0.000000 1.000000
0.986604 0.016241 -0.162325 0.573000 -0.011353 0.999455 0.030996 31.061899 0.162740 -0.028738 0.986250 3.761700 0.000000 0.000000 0.000000 1.000000
0.989106 0.020773 -0.145729 0.573000 -0.016596 0.999418 0.029817 31.061899 0.146263 -0.027074 0.988875 3.761700 0.000000 0.000000 0.000000 1.000000
0.991079 0.025747 -0.130761 0.573000 -0.020871 0.999040 0.038525 31.061899 0.131628 -0.035452 0.990665 3.761700 0.000000 0.000000 0.000000 1.000000
0.992608 0.034642 -0.116314 0.573000 -0.029506 0.998524 0.045591 31.061899 0.117722 -0.041822 0.992166 3.761700 0.000000 0.000000 0.000000 1.000000
0.993866 0.049054 -0.099117 0.573000 -0.045321 0.998188 0.039575 31.061899 0.100879 -0.034840 0.994289 3.761700 0.000000 0.000000 0.000000 1.000000
0.994908 0.061725 -0.079670 0.573000 -0.060060 0.997927 0.023128 31.061899 0.080932 -0.018225 0.996553 3.761700 0.000000 0.000000 0.000000 1.000000
0.995863 0.065412 -0.063065 0.573000 -0.065248 0.997858 0.004662 31.061899 0.063235 -0.000528 0.997999 3.761700 0.000000 0.000000 0.000000 1.000000
0.996484 0.064292 -0.053731 0.573000 -0.064972 0.997827 -0.010991 31.061899 0.052908 0.014443 0.998495 3.761700 0.000000 0.000000 0.000000 1.000000
0.996368 0.067100 -0.052432 0.573000 -0.068225 0.997470 -0.019972 31.061899 0.050959 0.023477 0.998425 3.761700 0.000000 0.000000 0.000000 1.000000
0.995586 0.072476 -0.059624 0.573000 -0.073612 0.997140 -0.017095 31.061899 0.058214 0.021409 0.998075 3.761700 0.000000 0.000000 0.000000 1.000000
0.994637 0.068842 -0.077193 0.573000 -0.069228 0.997598 -0.002336 31.061899 0.076847 0.007668 0.997013 3.761700 0.000000 0.000000 0.000000 1.000000
0.993458 0.051860 -0.101740 0.573000 -0.050658 0.998613 0.014361 31.061899 0.102343 -0.009113 0.994707 3.761700 0.000000 0.000000 0.000000 1.000000
0.992123 0.035070 -0.120255 0.573000 -0.032641 0.999222 0.022114 31.061899 0.120937 -0.018015 0.992497 3.761700 0.000000 0.000000 0.000000 1.000000
0.992070 0.039773 -0.119226 0.573000 -0.037691 0.999096 0.019665 31.061899 0.119900 -0.015015 0.992672 3.761700 0.000000 0.000000 0.000000 1.000000</float_array><technique_common><accessor source="#mixamorig_Neck-Matrix-animation-output-transform-array" count="21" stride="16"><param type="float4x4"/></accessor></technique_common></source><source id="mixamorig_Neck-Interpolations"><Name_array id="mixamorig_Neck-Interpolations-array" count="21">
 LINEAR LINEAR LINEAR LINEAR LINEAR LINEAR LINEAR LINEAR LINEAR LINEAR LINEAR
LINEAR LINEAR LINEAR LINEAR LINEAR LINEAR LINEAR LINEAR LINEAR LINEAR</Name_array><technique_common><accessor source="#mixamorig_Neck-Interpolations-array" count="21"><param type="name"/></accessor></technique_common></source><sampler id="mixamorig_Neck-Matrix-animation-transform"><input semantic="INPUT" source="#mixamorig_Neck-Matrix-animation-input"/><input semantic="OUTPUT" source="#mixamorig_Neck-Matrix-animation-output-transform"/><input semantic="INTERPOLATION" source="#mixamorig_Neck-Interpolations"/></sampler><channel source="#mixamorig_Neck-Matrix-animation-transform" target="mixamorig_Neck/matrix"/></animation>
    <animation id="mixamorig_Head-anim" name="mixamorig_Head"><source id="mixamorig_Head-Matrix-animation-input"><float_array id="mixamorig_Head-Matrix-animation-input-array" count="21">

0.000000 0.033333 0.066667 0.100000 0.133333 0.166667 0.200000 0.233333 0.266667 0.300000 0.333333 0.366667 0.400000 0.433333 0.466667 0.500000
0.533333 0.566667 0.600000 0.633333 0.666667</float_array><technique_common><accessor source="#mixamorig_Head-Matrix-animation-input-array" count="21"><param name="TIME" type="float"/></accessor></technique_common></source><source id="mixamorig_Head-Matrix-animation-output-transform"><float_array id="mixamorig_Head-Matrix-animation-output-transform-array" count="336">

0.654083 -0.194416 -0.731011 1.041900 0.480878 0.852856 0.203452 22.231001 0.583893 -0.484602 0.651329 6.513500 0.000000 0.000000 0.000000 1.000000
0.630285 -0.178174 -0.755642 1.041900 0.464745 0.866244 0.183393 22.231001 0.621895 -0.466771 0.628786 6.513500 0.000000 0.000000 0.000000 1.000000
0.585422 -0.189949 -0.788163 1.041900 0.458485 0.879345 0.128625 22.231001 0.668634 -0.436660 0.601877 6.513500 0.000000 0.000000 0.000000 1.000000
0.530484 -0.204169 -0.822740 1.041900 0.461808 0.883498 0.078517 22.231001 0.710859 -0.421600 0.562969 6.513500 0.000000 0.000000 0.000000 1.000000
0.491521 -0.197205 -0.848244 1.041900 0.467738 0.881390 0.066123 22.231001 0.734594 -0.429257 0.525462 6.513500 0.000000 0.000000 0.000000 1.000000
0.487497 -0.176007 -0.855201 1.041900 0.468247 0.879409 0.085929 22.231001 0.736947 -0.442335 0.511125 6.513500 0.000000 0.000000 0.000000 1.000000
0.513621 -0.162414 -0.842505 1.041900 0.461663 0.879981 0.111807 22.231001 0.723230 -0.446380 0.526957 6.513500 0.000000 0.000000 0.000000 1.000000
0.550337 -0.166138 -0.818246 1.041900 0.459658 0.878411 0.130803 22.231001 0.697025 -0.448099 0.559789 6.513500 0.000000 0.000000 0.000000 1.000000
0.581661 -0.184052 -0.792335 1.041900 0.474955 0.867624 0.147129 22.231001 0.660370 -0.461903 0.592079 6.513500 0.000000 0.000000 0.000000 1.000000
0.606213 -0.204131 -0.768659 1.041900 0.496519 0.852145 0.165284 22.231001 0.621269 -0.481851 0.617936 6.513500 0.000000 0.000000 0.000000 1.000000
0.634097 -0.213348 -0.743239 1.041900 0.497786 0.848155 0.181224 22.231001 0.591718 -0.484888 0.644014 6.513500 0.000000 0.000000 0.000000 1.000000
0.672061 -0.211160 -0.709750 1.041900 0.473258 0.859664 0.192365 22.231001 0.569527 -0.465176 0.677680 6.513500 0.000000 0.000000 0.000000 1.000000
0.714459 -0.209969 -0.667429 1.041900 0.443222 0.873926 0.199521 22.231001 0.541390 -0.438368 0.717447 6.513500 0.000000 0.000000 0.000000 1.000000
0.748418 -0.219358 -0.625901 1.041900 0.425117 0.883023 0.198860 22.231001 0.509064 -0.414912 0.754123 6.513500 0.000000 0.000000 0.000000 1.000000
0.766060 -0.233559 -0.598834 1.041900 0.416105 0.890283 0.185073 22.231001 0.489906 -0.390955 0.779196 6.513500 0.000000 0.000000 0.000000 1.000000
0.768529 -0.239277 -0.593388 1.041900 0.405661 0.899425 0.162710 22.231001 0.494775 -0.365762 0.788299 6.513500 0.000000 0.000000 0.000000 1.000000
0.757203 -0.229354 -0.611589 1.041900 0.394207 0.907041 0.147912 22.231001 0.520812 -0.353092 0.777226 6.513500 0.000000 0.000000 0.000000 1.000000
0.729428 -0.206974 -0.651994 1.041900 0.394444 0.905977 0.153689 22.231001 0.558881 -0.369280 0.742485 6.513500 0.000000 0.000000 0.000000 1.000000
0.689346 -0.184603 -0.700517 1.041900 0.416351 0.892287 0.174573 22.231001 0.592835 -0.412002 0.691954 6.513500 0.000000 0.000000 0.000000 1.000000
0.657982 -0.177283 -0.731868 1.041900 0.451163 0.870958 0.194640 22.231001 0.602919 -0.458262 0.653058 6.513500 0.000000 0.000000 0.000000 1.000000
0.654083 -0.194416 -0.731011 1.041900 0.480878 0.852856 0.203452 22.231001 0.583893 -0.484602 0.651329 6.513500 0.000000 0.000000 0.000000 1.000000</float_array><technique_common><accessor source="#mixamorig_Head-Matrix-animation-output-transform-array" count="21" stride="16"><param type="float4x4"/></accessor></technique_common></source><source id="mixamorig_Head-Interpolations"><Name_array id="mixamorig_Head-Interpolations-array" count="21">
 LINEAR LINEAR LINEAR LINEAR LINEAR LINEAR LINEAR LINEAR LINEAR LINEAR LINEAR
LINEAR LINEAR LINEAR LINEAR LINEAR LINEAR LINEAR LINEAR LINEAR LINEAR</Name_array><technique_common><accessor source="#mixamorig_Head-Interpolations-array" count="21"><param type="name"/></accessor></technique_common></source><sampler id="mixamorig_Head-Matrix-animation-transform"><input semantic="INPUT" source="#mixamorig_Head-Matrix-animation-input"/><input semantic="OUTPUT" source="#mixamorig_Head-Matrix-animation-output-transform"/><input semantic="INTERPOLATION" source="#mixamorig_Head-Interpolations"/></sampler><channel source="#mixamorig_Head-Matrix-animation-transform" target="mixamorig_Head/matrix"/></animation>
    <animation id="mixamorig_LeftShoulder-anim" name="mixamorig_LeftShoulder"><source id="mixamorig_LeftShoulder-Matrix-animation-input"><float_array id="mixamorig_LeftShoulder-Matrix-animation-input-array" count="21">

0.000000 0.033333 0.066667 0.100000 0.133333 0.166667 0.200000 0.233333 0.266667 0.300000 0.333333 0.366667 0.400000 0.433333 0.466667 0.500000
0.533333 0.566667 0.600000 0.633333 0.666667</float_array><technique_common><accessor source="#mixamorig_LeftShoulder-Matrix-animation-input-array" count="21"><param name="TIME" type="float"/></accessor></technique_common></source><source id="mixamorig_LeftShoulder-Matrix-animation-output-transform"><float_array id="mixamorig_LeftShoulder-Matrix-animation-output-transform-array" count="336">

0.959514 0.190432 -0.207531 12.954100 -0.196211 0.980533 -0.007433 18.894800 0.202076 0.047852 0.978200 2.678200 0.000000 0.000000 0.000000 1.000000
0.961612 0.184373 -0.203246 12.954100 -0.189935 0.981764 -0.008031 18.894800 0.198059 0.046326 0.979095 2.678200 0.000000 0.000000 0.000000 1.000000
0.964555 0.174005 -0.198382 12.954100 -0.179287 0.983757 -0.008837 18.894800 0.193622 0.044091 0.980085 2.678200 0.000000 0.000000 0.000000 1.000000
0.964090 0.162903 -0.209743 12.954100 -0.168617 0.985636 -0.009529 18.894800 0.205178 0.044553 0.977710 2.678200 0.000000 0.000000 0.000000 1.000000
0.959576 0.156868 -0.233678 12.954100 -0.163703 0.986459 -0.010022 18.894800 0.228942 0.047871 0.972262 2.678200 0.000000 0.000000 0.000000 1.000000
0.953930 0.158522 -0.254731 12.954100 -0.166484 0.985995 -0.009863 18.894800 0.249600 0.051817 0.966962 2.678200 0.000000 0.000000 0.000000 1.000000
0.949398 0.167337 -0.265786 12.954100 -0.175989 0.984352 -0.008897 18.894800 0.260138 0.055222 0.963991 2.678200 0.000000 0.000000 0.000000 1.000000
0.945161 0.184070 -0.269795 12.954100 -0.193095 0.981155 -0.007057 18.894800 0.263412 0.058766 0.962892 2.678200 0.000000 0.000000 0.000000 1.000000
0.940788 0.205211 -0.269829 12.954100 -0.214420 0.976730 -0.004774 18.894800 0.262570 0.062348 0.962897 2.678200 0.000000 0.000000 0.000000 1.000000
0.937669 0.218566 -0.270195 12.954100 -0.227921 0.973674 -0.003340 18.894800 0.262352 0.064715 0.962800 2.678200 0.000000 0.000000 0.000000 1.000000
0.937534 0.212073 -0.275780 12.954100 -0.221707 0.975106 -0.003857 18.894800 0.268097 0.064758 0.961213 2.678200 0.000000 0.000000 0.000000 1.000000
0.940404 0.187587 -0.283639 12.954100 -0.197527 0.980275 -0.006587 18.894800 0.276809 0.062221 0.958908 2.678200 0.000000 0.000000 0.000000 1.000000
0.945887 0.159878 -0.282377 12.954100 -0.169598 0.985461 -0.010152 18.894800 0.276648 0.057493 0.959250 2.678200 0.000000 0.000000 0.000000 1.000000
0.953461 0.141522 -0.266239 12.954100 -0.150168 0.988584 -0.012291 18.894800 0.261460 0.051700 0.963829 2.678200 0.000000 0.000000 0.000000 1.000000
0.960214 0.135791 -0.244029 12.954100 -0.143133 0.989624 -0.012525 18.894800 0.239796 0.046955 0.969687 2.678200 0.000000 0.000000 0.000000 1.000000
0.963178 0.140193 -0.229420 12.954100 -0.146790 0.989097 -0.011856 18.894800 0.225257 0.045096 0.973255 2.678200 0.000000 0.000000 0.000000 1.000000
0.961971 0.151232 -0.227465 12.954100 -0.157805 0.987410 -0.010883 18.894800 0.222955 0.046364 0.973725 2.678200 0.000000 0.000000 0.000000 1.000000
0.957779 0.164567 -0.235747 12.954100 -0.171671 0.985106 -0.009788 18.894800 0.230625 0.049846 0.971765 2.678200 0.000000 0.000000 0.000000 1.000000
0.953114 0.175054 -0.246839 12.954100 -0.182843 0.983103 -0.008810 18.894800 0.241126 0.053530 0.969016 2.678200 0.000000 0.000000 0.000000 1.000000
0.952649 0.181667 -0.243837 12.954100 -0.189318 0.981882 -0.008110 18.894800 0.237946 0.053889 0.969782 2.678200 0.000000 0.000000 0.000000 1.000000
0.959514 0.190432 -0.207531 12.954100 -0.196211 0.980533 -0.007433 18.894800 0.202076 0.047852 0.978200 2.678200 0.000000 0.000000 0.000000 1.000000</float_array><technique_common><accessor source="#mixamorig_LeftShoulder-Matrix-animation-output-transform-array" count="21" stride="16"><param type="float4x4"/></accessor></technique_common></source><source id="mixamorig_LeftShoulder-Interpolations"><Name_array id="mixamorig_LeftShoulder-Interpolations-array" count="21">
 LINEAR LINEAR LINEAR LINEAR LINEAR LINEAR LINEAR LINEAR LINEAR LINEAR LINEAR
LINEAR LINEAR LINEAR LINEAR LINEAR LINEAR LINEAR LINEAR LINEAR LINEAR</Name_array><technique_common><accessor source="#mixamorig_LeftShoulder-Interpolations-array" count="21"><param type="name"/></accessor></technique_common></source><sampler id="mixamorig_LeftShoulder-Matrix-animation-transform"><input semantic="INPUT" source="#mixamorig_LeftShoulder-Matrix-animation-input"/><input semantic="OUTPUT" source="#mixamorig_LeftShoulder-Matrix-animation-output-transform"/><input semantic="INTERPOLATION" source="#mixamorig_LeftShoulder-Interpolations"/></sampler><channel source="#mixamorig_LeftShoulder-Matrix-animation-transform" target="mixamorig_LeftShoulder/matrix"/></animation>
    <animation id="mixamorig_LeftArm-anim" name="mixamorig_LeftArm"><source id="mixamorig_LeftArm-Matrix-animation-input"><float_array id="mixamorig_LeftArm-Matrix-animation-input-array" count="21">

0.000000 0.033333 0.066667 0.100000 0.133333 0.166667 0.200000 0.233333 0.266667 0.300000 0.333333 0.366667 0.400000 0.433333 0.466667 0.500000
0.533333 0.566667 0.600000 0.633333 0.666667</float_array><technique_common><accessor source="#mixamorig_LeftArm-Matrix-animation-input-array" count="21"><param name="TIME" type="float"/></accessor></technique_common></source><source id="mixamorig_LeftArm-Matrix-animation-output-transform"><float_array id="mixamorig_LeftArm-Matrix-animation-output-transform-array" count="336">

0.446479 0.863067 0.236162 26.266600 -0.716447 0.502929 -0.483493 0.548600 -0.536060 0.046672 0.842889 -4.054200 0.000000 0.000000 0.000000 1.000000
0.363358 0.906130 0.216564 26.266600 -0.783429 0.422979 -0.455332 0.548600 -0.504192 -0.004214 0.863581 -4.054200 0.000000 0.000000 0.000000 1.000000
0.290020 0.919137 0.266600 26.266600 -0.788313 0.387389 -0.478009 0.548600 -0.542634 -0.071532 0.836918 -4.054200 0.000000 0.000000 0.000000 1.000000
0.255184 0.898293 0.357703 26.266600 -0.763561 0.414182 -0.495407 0.548600 -0.593175 -0.146708 0.791594 -4.054200 0.000000 0.000000 0.000000 1.000000
0.262651 0.860038 0.437434 26.266600 -0.745132 0.468815 -0.474332 0.548600 -0.613019 -0.201363 0.763977 -4.054200 0.000000 0.000000 0.000000 1.000000
0.294976 0.839289 0.456708 26.266600 -0.748420 0.500093 -0.435631 0.548600 -0.594017 -0.213309 0.775657 -4.054200 0.000000 0.000000 0.000000 1.000000
0.328381 0.847723 0.416571 26.266600 -0.765755 0.497130 -0.408020 0.548600 -0.552978 -0.185005 0.812397 -4.054200 0.000000 0.000000 0.000000 1.000000
0.369164 0.859656 0.353141 26.266600 -0.785645 0.491655 -0.375549 0.548600 -0.496467 -0.138804 0.856886 -4.054200 0.000000 0.000000 0.000000 1.000000
0.439293 0.848219 0.295882 26.266600 -0.796310 0.520127 -0.308801 0.548600 -0.415827 -0.099959 0.903934 -4.054200 0.000000 0.000000 0.000000 1.000000
0.540255 0.805663 0.242964 26.266600 -0.786298 0.586167 -0.195305 0.548600 -0.299767 -0.085528 0.950171 -4.054200 0.000000 0.000000 0.000000 1.000000
0.644227 0.743457 0.179561 26.266600 -0.748325 0.661220 -0.052890 0.548600 -0.158051 -0.100297 0.982324 -4.054200 0.000000 0.000000 0.000000 1.000000
0.719479 0.682666 0.127737 26.266600 -0.693328 0.716741 0.074690 0.548600 -0.040566 -0.142302 0.988992 -4.054200 0.000000 0.000000 0.000000 1.000000
0.761699 0.631492 0.145027 26.266600 -0.647918 0.743810 0.164160 0.548600 -0.004207 -0.219006 0.975714 -4.054200 0.000000 0.000000 0.000000 1.000000
0.772904 0.576054 0.266048 26.266600 -0.630869 0.742579 0.224901 0.548600 -0.068006 -0.341668 0.937357 -4.054200 0.000000 0.000000 0.000000 1.000000
0.741907 0.506774 0.439039 26.266600 -0.646318 0.714793 0.267103 0.548600 -0.178461 -0.481924 0.857847 -4.054200 0.000000 0.000000 0.000000 1.000000
0.692273 0.458126 0.557565 26.266600 -0.672446 0.689904 0.268046 0.548600 -0.261867 -0.560494 0.785667 -4.054200 0.000000 0.000000 0.000000 1.000000
0.665158 0.486634 0.566350 26.266600 -0.677319 0.712494 0.183279 0.548600 -0.314331 -0.505509 0.803527 -4.054200 0.000000 0.000000 0.000000 1.000000
0.652839 0.596502 0.466890 26.266600 -0.670586 0.741764 -0.010022 0.548600 -0.352300 -0.306548 0.884258 -4.054200 0.000000 0.000000 0.000000 1.000000
0.619350 0.718841 0.315712 26.266600 -0.683194 0.691590 -0.234414 0.548600 -0.386849 -0.070508 0.919443 -4.054200 0.000000 0.000000 0.000000 1.000000
0.549541 0.805884 0.220355 26.266600 -0.705867 0.588951 -0.393560 0.548600 -0.446942 0.060736 0.892499 -4.054200 0.000000 0.000000 0.000000 1.000000
0.446478 0.863067 0.236162 26.266600 -0.716447 0.502929 -0.483494 0.548600 -0.536060 0.046672 0.842889 -4.054200 0.000000 0.000000 0.000000 1.000000</float_array><technique_common><accessor source="#mixamorig_LeftArm-Matrix-animation-output-transform-array" count="21" stride="16"><param type="float4x4"/></accessor></technique_common></source><source id="mixamorig_LeftArm-Interpolations"><Name_array id="mixamorig_LeftArm-Interpolations-array" count="21">
 LINEAR LINEAR LINEAR LINEAR LINEAR LINEAR LINEAR LINEAR LINEAR LINEAR LINEAR
LINEAR LINEAR LINEAR LINEAR LINEAR LINEAR LINEAR LINEAR LINEAR LINEAR</Name_array><technique_common><accessor source="#mixamorig_LeftArm-Interpolations-array" count="21"><param type="name"/></accessor></technique_common></source><sampler id="mixamorig_LeftArm-Matrix-animation-transform"><input semantic="INPUT" source="#mixamorig_LeftArm-Matrix-animation-input"/><input semantic="OUTPUT" source="#mixamorig_LeftArm-Matrix-animation-output-transform"/><input semantic="INTERPOLATION" source="#mixamorig_LeftArm-Interpolations"/></sampler><channel source="#mixamorig_LeftArm-Matrix-animation-transform" target="mixamorig_LeftArm/matrix"/></animation>
    <animation id="mixamorig_LeftForeArm-anim" name="mixamorig_LeftForeArm"><source id="mixamorig_LeftForeArm-Matrix-animation-input"><float_array id="mixamorig_LeftForeArm-Matrix-animation-input-array" count="21">

0.000000 0.033333 0.066667 0.100000 0.133333 0.166667 0.200000 0.233333 0.266667 0.300000 0.333333 0.366667 0.400000 0.433333 0.466667 0.500000
