<?xml version="1.0" encoding="utf-8"?>
<COLLADA xmlns="http://www.collada.org/2005/11/COLLADASchema" version="1.4.1">
  <asset><contributor><author>Mixamo</author><authoring_tool>COLLADA Mixamo exporter</authoring_tool><comments></comments></contributor><created>2018-12-18T22:40:51Z</created><modified>2018-12-18T22:40:51Z</modified><revision></revision><title></title><unit meter="0.010000"/><up_axis>Y_UP</up_axis></asset>
  <library_animations>
    <animation id="mixamorig_Hips-anim" name="mixamorig_Hips"><source id="mixamorig_Hips-Matrix-animation-input"><float_array id="mixamorig_Hips-Matrix-animation-input-array" count="81">

0.000000 0.033333 0.066667 0.100000 0.133333 0.166667 0.200000 0.233333 0.266667 0.300000 0.333333 0.366667 0.400000 0.433333 0.466667 0.500000
0.533333 0.566667 0.600000 0.633333 0.666667 0.700000 0.733333 0.766667 0.800000 0.833333 0.866667 0.900000 0.933333 0.966667 1.000000 1.033333
1.066667 1.100000 1.133333 1.166667 1.200000 1.233333 1.266667 1.300000 1.333333 1.366667 1.400000 1.433333 1.466667 1.500000 1.533333 1.566667
1.600000 1.633333 1.666667 1.700000 1.733333 1.766667 1.800000 1.833333 1.866667 1.900000 1.933333 1.966667 2.000000 2.033333 2.066667 2.100000
2.133333 2.166667 2.200000 2.233333 2.266667 2.300000 2.333333 2.366667 2.400000 2.433333 2.466667 2.500000 2.533333 2.566667 2.600000 2.633333
2.666667</float_array><technique_common><accessor source="#mixamorig_Hips-Matrix-animation-input-array" count="81"><param name="TIME" type="float"/></accessor></technique_common></source><source id="mixamorig_Hips-Matrix-animation-output-transform"><float_array id="mixamorig_Hips-Matrix-animation-output-transform-array" count="1296">

0.448052 -0.033203 -0.893391 -2.043562 0.038574 0.999097 -0.017786 193.236099 0.893175 -0.026493 0.448928 12.729561 0.000000 0.000000 0.000000 1.000000
0.441626 -0.059487 -0.895225 -1.585250 0.052142 0.997815 -0.040582 192.466064 0.895683 -0.028757 0.443763 12.385997 0.000000 0.000000 0.000000 1.000000
0.431779 -0.080442 -0.898385 -1.331384 0.063780 0.996245 -0.058550 191.204224 0.899722 -0.032018 0.435288 11.828006 0.000000 0.000000 0.000000 1.000000
0.421101 -0.079023 -0.903565 -1.739298 0.065585 0.996243 -0.056563 189.484146 0.904639 -0.035441 0.424702 11.044501 0.000000 0.000000 0.000000 1.000000
0.402814 -0.047387 -0.914054 -3.433644 0.052974 0.998192 -0.028404 187.492615 0.913748 -0.036979 0.404596 9.927781 0.000000 0.000000 0.000000 1.000000
0.361145 0.006345 -0.932488 -6.728502 0.030951 0.999344 0.018787 185.380173 0.931996 -0.035646 0.360712 8.428237 0.000000 0.000000 0.000000 1.000000
0.284122 0.072850 -0.956016 -11.366503 0.014573 0.996666 0.080279 183.309570 0.958677 -0.036741 0.282113 6.674701 0.000000 0.000000 0.000000 1.000000
0.165576 0.156965 -0.973626 -16.440418 0.014187 0.986771 0.161497 180.918457 0.986095 -0.040553 0.161159 5.297884 0.000000 0.000000 0.000000 1.000000
0.000725 0.260795 -0.965394 -21.271439 0.038208 0.964682 0.260632 177.772690 0.999270 -0.037075 -0.009265 4.840803 0.000000 0.000000 0.000000 1.000000
-0.186239 0.356480 -0.915553 -25.644087 0.079577 0.934268 0.347580 173.277710 0.979277 -0.008125 -0.202365 4.860387 0.000000 0.000000 0.000000 1.000000
-0.331286 0.399042 -0.854994 -29.098778 0.099942 0.915908 0.388747 167.901718 0.938222 0.043336 -0.343309 4.245688 0.000000 0.000000 0.000000 1.000000
-0.406184 0.377112 -0.832347 -31.244787 0.083604 0.922388 0.377109 163.254745 0.909959 0.083588 -0.406187 2.495570 0.000000 0.000000 0.000000 1.000000
-0.433662 0.320322 -0.842218 -32.409946 0.055072 0.942355 0.330050 159.890350 0.899391 0.096748 -0.426305 0.260360 0.000000 0.000000 0.000000 1.000000
-0.442667 0.272907 -0.854147 -32.978653 0.037560 0.957367 0.286421 157.228470 0.895899 0.094708 -0.434045 -1.490131 0.000000 0.000000 0.000000 1.000000
-0.451482 0.256977 -0.854475 -33.209831 0.035515 0.962047 0.270563 154.641953 0.891573 0.091807 -0.443473 -2.641655 0.000000 0.000000 0.000000 1.000000
-0.469611 0.255613 -0.845061 -33.248856 0.038379 0.962176 0.269710 152.046219 0.882039 0.094227 -0.461659 -3.538391 0.000000 0.000000 0.000000 1.000000
-0.495604 0.249304 -0.832000 -32.960152 0.034774 0.962848 0.267797 149.427429 0.867852 0.103790 -0.485861 -4.250782 0.000000 0.000000 0.000000 1.000000
-0.520351 0.243720 -0.818435 -32.257397 0.025829 0.962461 0.270187 146.809464 0.853562 0.119452 -0.507113 -4.599467 0.000000 0.000000 0.000000 1.000000
-0.532414 0.252707 -0.807882 -31.073875 0.012000 0.956555 0.291304 144.265320 0.846399 0.145399 -0.512316 -4.356584 0.000000 0.000000 0.000000 1.000000
-0.533890 0.270563 -0.801098 -29.464823 -0.004727 0.946454 0.322806 141.841232 0.845541 0.176129 -0.504023 -3.645060 0.000000 0.000000 0.000000 1.000000
-0.535159 0.275775 -0.798469 -27.421524 -0.019941 0.940825 0.338307 139.484024 0.844516 0.196970 -0.497991 -2.479676 0.000000 0.000000 0.000000 1.000000
-0.534716 0.266664 -0.801853 -24.585766 -0.034488 0.941226 0.336012 137.222672 0.844328 0.207325 -0.494092 -0.547976 0.000000 0.000000 0.000000 1.000000
-0.524331 0.244807 -0.815565 -20.515800 -0.043103 0.948924 0.312548 135.256424 0.850423 0.199032 -0.486998 2.268167 0.000000 0.000000 0.000000 1.000000
-0.499617 0.206330 -0.841315 -15.029499 -0.039413 0.964799 0.260019 133.819519 0.865349 0.163069 -0.473898 5.545954 0.000000 0.000000 0.000000 1.000000
-0.463764 0.168096 -0.869866 -8.145957 -0.030017 0.978291 0.205052 132.977631 0.885450 0.121206 -0.448650 8.455045 0.000000 0.000000 0.000000 1.000000
-0.451972 0.120579 -0.883845 -0.838259 -0.016532 0.989519 0.143450 132.900879 0.891879 0.079447 -0.445241 9.836789 0.000000 0.000000 0.000000 1.000000
-0.460313 0.067825 -0.885162 6.181984 0.000023 0.997078 0.076388 133.560425 0.887757 0.035142 -0.458969 9.198647 0.000000 0.000000 0.000000 1.000000
-0.449890 0.014397 -0.892968 12.573673 0.012713 0.999872 0.009715 134.913696 0.892993 -0.006981 -0.450016 6.926937 0.000000 0.000000 0.000000 1.000000
-0.398369 -0.047738 -0.915982 18.146919 0.011492 0.998307 -0.057027 137.098267 0.917153 -0.033244 -0.397145 3.622441 0.000000 0.000000 0.000000 1.000000
-0.309919 -0.122991 -0.942774 22.720882 -0.010428 0.991978 -0.125982 139.921326 0.950706 -0.029213 -0.308715 -0.097170 0.000000 0.000000 0.000000 1.000000
-0.205517 -0.204214 -0.957110 26.086950 -0.046743 0.978918 -0.198831 142.876465 0.977537 0.003875 -0.210730 -3.573903 0.000000 0.000000 0.000000 1.000000
-0.104848 -0.280522 -0.954104 28.367786 -0.082068 0.958560 -0.272814 145.560684 0.991096 0.049698 -0.123525 -6.307487 0.000000 0.000000 0.000000 1.000000
-0.016784 -0.344216 -0.938741 29.918030 -0.107859 0.934017 -0.340555 147.908310 0.994025 0.095535 -0.052803 -8.255363 0.000000 0.000000 0.000000 1.000000
0.058443 -0.388716 -0.919502 30.910906 -0.123256 0.911220 -0.393048 149.916061 0.990653 0.136305 0.005343 -9.500960 0.000000 0.000000 0.000000 1.000000
0.123769 -0.406285 -0.905325 31.707378 -0.124292 0.898808 -0.420353 151.834137 0.984496 0.164551 0.060746 -10.084832 0.000000 0.000000 0.000000 1.000000
0.182151 -0.397135 -0.899503 32.426426 -0.110555 0.900734 -0.420066 154.190079 0.977036 0.175960 0.120164 -10.564974 0.000000 0.000000 0.000000 1.000000
0.235126 -0.375568 -0.896473 32.824936 -0.094334 0.909159 -0.405625 156.728317 0.967376 0.179941 0.178338 -11.136297 0.000000 0.000000 0.000000 1.000000
0.286651 -0.357965 -0.888646 32.628742 -0.085390 0.914334 -0.395857 159.287628 0.954222 0.189355 0.231528 -11.794942 0.000000 0.000000 0.000000 1.000000
0.340649 -0.351851 -0.871871 31.837507 -0.081961 0.912691 -0.400347 162.112671 0.936611 0.207837 0.282069 -12.524701 0.000000 0.000000 0.000000 1.000000
0.396838 -0.357178 -0.845543 30.672211 -0.076311 0.905156 -0.418174 165.288528 0.914711 0.230472 0.331944 -13.347678 0.000000 0.000000 0.000000 1.000000
0.452023 -0.366424 -0.813270 29.350721 -0.066601 0.895323 -0.440411 168.640350 0.889516 0.253240 0.380302 -14.267727 0.000000 0.000000 0.000000 1.000000
0.504494 -0.368786 -0.780694 27.878819 -0.054688 0.888728 -0.455160 171.782944 0.861682 0.272320 0.428190 -15.258658 0.000000 0.000000 0.000000 1.000000
0.554880 -0.359277 -0.750352 26.102242 -0.036938 0.890412 -0.453655 174.182678 0.831110 0.279440 0.480801 -16.338455 0.000000 0.000000 0.000000 1.000000
0.602395 -0.339115 -0.722580 24.014673 -0.010198 0.901920 -0.431784 175.593674 0.798133 0.267473 0.539853 -17.494448 0.000000 0.000000 0.000000 1.000000
0.642422 -0.311679 -0.700107 21.743244 0.020349 0.920175 -0.390979 176.262527 0.766081 0.236927 0.597483 -18.595266 0.000000 0.000000 0.000000 1.000000
0.669815 -0.278135 -0.688468 19.350975 0.042747 0.940102 -0.338204 176.649765 0.741296 0.197104 0.641584 -19.402826 0.000000 0.000000 0.000000 1.000000
0.684981 -0.237376 -0.688806 16.764706 0.049380 0.958386 -0.281173 177.050537 0.726886 0.158585 0.668197 -19.667246 0.000000 0.000000 0.000000 1.000000
0.692583 -0.189430 -0.696020 13.915888 0.044271 0.974246 -0.221100 177.771545 0.719978 0.122317 0.683133 -19.036001 0.000000 0.000000 0.000000 1.000000
0.694861 -0.139455 -0.705493 10.720650 0.039659 0.986956 -0.156031 179.139923 0.718049 0.080441 0.691328 -16.929949 0.000000 0.000000 0.000000 1.000000
0.698550 -0.096865 -0.708975 7.875741 0.038433 0.994444 -0.098000 180.602905 0.714529 0.041210 0.698391 -14.364774 0.000000 0.000000 0.000000 1.000000
0.700922 -0.062074 -0.710532 5.495374 0.032169 0.997943 -0.055450 182.039398 0.712512 0.016009 0.701477 -11.358462 0.000000 0.000000 0.000000 1.000000
0.698023 -0.031266 -0.715393 3.608968 0.016296 0.999481 -0.027781 183.285599 0.715890 0.007734 0.698170 -7.989841 0.000000 0.000000 0.000000 1.000000
0.688669 -0.001591 -0.725074 2.143753 -0.002918 0.999983 -0.004966 184.283768 0.725070 0.005535 0.688653 -4.427961 0.000000 0.000000 0.000000 1.000000
0.676256 0.027516 -0.736152 0.989999 -0.017055 0.999619 0.021697 185.144745 0.736469 -0.002118 0.676468 -0.924219 0.000000 0.000000 0.000000 1.000000
0.664108 0.054877 -0.745620 0.080097 -0.023495 0.998342 0.052550 186.053238 0.747268 -0.017381 0.664296 2.252877 0.000000 0.000000 0.000000 1.000000
0.651013 0.077700 -0.755080 -0.617838 -0.023167 0.996318 0.082550 187.128265 0.758713 -0.036248 0.650415 4.948965 0.000000 0.000000 0.000000 1.000000
0.634646 0.093201 -0.767162 -1.131305 -0.018079 0.994220 0.105830 188.388855 0.772592 -0.053295 0.632662 7.173466 0.000000 0.000000 0.000000 1.000000
0.616507 0.098925 -0.781110 -1.548517 -0.011374 0.993091 0.116795 189.759323 0.787267 -0.063120 0.613373 8.952959 0.000000 0.000000 0.000000 1.000000
0.600164 0.093718 -0.794368 -1.994512 -0.004938 0.993528 0.113484 191.090042 0.799862 -0.064187 0.596742 10.254061 0.000000 0.000000 0.000000 1.000000
0.586989 0.081078 -0.805525 -2.508565 0.001676 0.994849 0.101355 192.172470 0.809593 -0.060845 0.583830 11.038022 0.000000 0.000000 0.000000 1.000000
0.576477 0.068316 -0.814253 -2.998923 0.008541 0.995941 0.089607 192.844330 0.817069 -0.058611 0.573553 11.348825 0.000000 0.000000 0.000000 1.000000
0.568331 0.060503 -0.820572 -3.333877 0.013585 0.996467 0.082881 193.088928 0.822688 -0.058251 0.565501 11.347758 0.000000 0.000000 0.000000 1.000000
0.562476 0.056634 -0.824872 -3.456635 0.014865 0.996797 0.078575 193.094315 0.826680 -0.056458 0.559833 11.278303 0.000000 0.000000 0.000000 1.000000
0.558356 0.052224 -0.827956 -3.412714 0.013411 0.997318 0.071951 193.101746 0.829493 -0.051278 0.556158 11.323312 0.000000 0.000000 0.000000 1.000000
0.554955 0.045011 -0.830662 -3.286150 0.012393 0.997977 0.062357 193.190628 0.831788 -0.044900 0.553275 11.492860 0.000000 0.000000 0.000000 1.000000
0.550937 0.036943 -0.833729 -3.113132 0.013652 0.998487 0.053265 193.289185 0.834435 -0.040728 0.549599 11.721152 0.000000 0.000000 0.000000 1.000000
0.545119 0.030514 -0.837803 -2.881042 0.016447 0.998756 0.047078 193.339188 0.838197 -0.039442 0.543939 11.999662 0.000000 0.000000 0.000000 1.000000
0.537521 0.025446 -0.842867 -2.615719 0.019348 0.998909 0.042495 193.327087 0.843029 -0.039150 0.536442 12.331689 0.000000 0.000000 0.000000 1.000000
0.529586 0.020378 -0.848011 -2.388246 0.021683 0.999060 0.037549 193.286499 0.847979 -0.038273 0.528647 12.684411 0.000000 0.000000 0.000000 1.000000
0.522294 0.015304 -0.852628 -2.251184 0.023842 0.999186 0.032539 193.248230 0.852432 -0.037324 0.521504 13.000186 0.000000 0.000000 0.000000 1.000000
0.514965 0.011173 -0.857138 -2.201188 0.026158 0.999245 0.028741 193.241837 0.856812 -0.037222 0.514284 13.246593 0.000000 0.000000 0.000000 1.000000
0.506925 0.008042 -0.861953 -2.211195 0.028298 0.999262 0.025965 193.287216 0.861526 -0.037554 0.506323 13.414227 0.000000 0.000000 0.000000 1.000000
0.498843 0.004932 -0.866678 -2.261291 0.029989 0.999287 0.022948 193.369751 0.866173 -0.037438 0.498339 13.498244 0.000000 0.000000 0.000000 1.000000
0.491557 0.001251 -0.870844 -2.328977 0.031487 0.999320 0.019209 193.443375 0.870276 -0.036862 0.491183 13.501235 0.000000 0.000000 0.000000 1.000000
0.484950 -0.002877 -0.874537 -2.381565 0.032998 0.999343 0.015010 193.475647 0.873919 -0.036137 0.484726 13.440314 0.000000 0.000000 0.000000 1.000000
0.478596 -0.007294 -0.878005 -2.396616 0.034421 0.999353 0.010460 193.468597 0.877360 -0.035228 0.478538 13.339695 0.000000 0.000000 0.000000 1.000000
0.472359 -0.011980 -0.881325 -2.372535 0.035653 0.999349 0.005525 193.439331 0.880685 -0.034032 0.472478 13.219276 0.000000 0.000000 0.000000 1.000000
0.466229 -0.017009 -0.884501 -2.317103 0.036677 0.999327 0.000116 193.398849 0.883903 -0.032495 0.466539 13.092936 0.000000 0.000000 0.000000 1.000000
0.460160 -0.022450 -0.887552 -2.237371 0.037504 0.999279 -0.005832 193.349319 0.887043 -0.030604 0.460671 12.968437 0.000000 0.000000 0.000000 1.000000
0.454074 -0.028134 -0.890520 -2.139841 0.038212 0.999197 -0.012083 193.290192 0.890144 -0.028542 0.454784 12.845957 0.000000 0.000000 0.000000 1.000000
0.447965 -0.033782 -0.893413 -2.032179 0.038867 0.999077 -0.018289 193.222626 0.893206 -0.026531 0.448864 12.724097 0.000000 0.000000 0.000000 1.000000</float_array><technique_common><accessor source="#mixamorig_Hips-Matrix-animation-output-transform-array" count="81" stride="16"><param type="float4x4"/></accessor></technique_common></source><source id="mixamorig_Hips-Interpolations"><Name_array id="mixamorig_Hips-Interpolations-array" count="81">
 LINEAR LINEAR LINEAR LINEAR LINEAR LINEAR LINEAR LINEAR LINEAR LINEAR LINEAR
LINEAR LINEAR LINEAR LINEAR LINEAR LINEAR LINEAR LINEAR LINEAR LINEAR LINEAR LINEAR
LINEAR LINEAR LINEAR LINEAR LINEAR LINEAR LINEAR LINEAR LINEAR LINEAR LINEAR LINEAR
LINEAR LINEAR LINEAR LINEAR LINEAR LINEAR LINEAR LINEAR LINEAR LINEAR LINEAR LINEAR
LINEAR LINEAR LINEAR LINEAR LINEAR LINEAR LINEAR LINEAR LINEAR LINEAR LINEAR LINEAR
LINEAR LINEAR LINEAR LINEAR LINEAR LINEAR LINEAR LINEAR LINEAR LINEAR LINEAR LINEAR
LINEAR LINEAR LINEAR LINEAR LINEAR LINEAR LINEAR LINEAR LINEAR LINEAR</Name_array><technique_common><accessor source="#mixamorig_Hips-Interpolations-array" count="81"><param type="name"/></accessor></technique_common></source><sampler id="mixamorig_Hips-Matrix-animation-transform"><input semantic="INPUT" source="#mixamorig_Hips-Matrix-animation-input"/><input semantic="OUTPUT" source="#mixamorig_Hips-Matrix-animation-output-transform"/><input semantic="INTERPOLATION" source="#mixamorig_Hips-Interpolations"/></sampler><channel source="#mixamorig_Hips-Matrix-animation-transform" target="mixamorig_Hips/matrix"/></animation>
    <animation id="mixamorig_Spine-anim" name="mixamorig_Spine"><source id="mixamorig_Spine-Matrix-animation-input"><float_array id="mixamorig_Spine-Matrix-animation-input-array" count="81">

0.000000 0.033333 0.066667 0.100000 0.133333 0.166667 0.200000 0.233333 0.266667 0.300000 0.333333 0.366667 0.400000 0.433333 0.466667 0.500000
0.533333 0.566667 0.600000 0.633333 0.666667 0.700000 0.733333 0.766667 0.800000 0.833333 0.866667 0.900000 0.933333 0.966667 1.000000 1.033333
1.066667 1.100000 1.133333 1.166667 1.200000 1.233333 1.266667 1.300000 1.333333 1.366667 1.400000 1.433333 1.466667 1.500000 1.533333 1.566667
1.600000 1.633333 1.666667 1.700000 1.733333 1.766667 1.800000 1.833333 1.866667 1.900000 1.933333 1.966667 2.000000 2.033333 2.066667 2.100000
2.133333 2.166667 2.200000 2.233333 2.266667 2.300000 2.333333 2.366667 2.400000 2.433333 2.466667 2.500000 2.533333 2.566667 2.600000 2.633333
2.666667</float_array><technique_common><accessor source="#mixamorig_Spine-Matrix-animation-input-array" count="81"><param name="TIME" type="float"/></accessor></technique_common></source><source id="mixamorig_Spine-Matrix-animation-output-transform"><float_array id="mixamorig_Spine-Matrix-animation-output-transform-array" count="1296">

0.999536 0.017508 0.024938 -0.200200 -0.016319 0.998757 -0.047106 19.804701 -0.025732 0.046677 0.998579 -3.890100 0.000000 0.000000 0.000000 1.000000
0.999426 0.019407 0.027779 -0.200200 -0.018150 0.998831 -0.044795 19.804701 -0.028616 0.044265 0.998610 -3.890100 0.000000 0.000000 0.000000 1.000000
0.999274 0.020289 0.032248 -0.200200 -0.018871 0.998868 -0.043671 19.804701 -0.033098 0.043031 0.998525 -3.890100 0.000000 0.000000 0.000000 1.000000
0.999117 0.019357 0.037291 -0.200200 -0.017706 0.998870 -0.044112 19.804701 -0.038103 0.043413 0.998330 -3.890100 0.000000 0.000000 0.000000 1.000000
0.998997 0.019454 0.040319 -0.200200 -0.017686 0.998886 -0.043743 19.804701 -0.041125 0.042986 0.998229 -3.890100 0.000000 0.000000 0.000000 1.000000
0.998958 0.024012 0.038807 -0.200200 -0.022467 0.998956 -0.039771 19.804701 -0.039721 0.038858 0.998455 -3.890100 0.000000 0.000000 0.000000 1.000000
0.998886 0.033520 0.033228 -0.200200 -0.032412 0.998919 -0.033333 19.804701 -0.034310 0.032218 0.998892 -3.890100 0.000000 0.000000 0.000000 1.000000
0.998714 0.041882 0.028564 -0.200200 -0.041084 0.998763 -0.027994 19.804701 -0.029701 0.026784 0.999200 -3.890100 0.000000 0.000000 0.000000 1.000000
0.998239 0.050298 0.031449 -0.200200 -0.049489 0.998436 -0.025989 19.804701 -0.032707 0.024387 0.999167 -3.890100 0.000000 0.000000 0.000000 1.000000
0.997504 0.058963 0.038841 -0.200200 -0.058000 0.997992 -0.025462 19.804701 -0.040265 0.023146 0.998921 -3.890100 0.000000 0.000000 0.000000 1.000000
0.998090 0.053618 0.030698 -0.200200 -0.052956 0.998354 -0.022008 19.804701 -0.031827 0.020340 0.999286 -3.890100 0.000000 0.000000 0.000000 1.000000
0.999584 0.028832 -0.000548 -0.200200 -0.028837 0.999504 -0.012627 19.804701 0.000183 0.012638 0.999920 -3.890100 0.000000 0.000000 0.000000 1.000000
0.999142 -0.008404 -0.040556 -0.200200 0.008366 0.999964 -0.001119 19.804701 0.040564 0.000778 0.999177 -3.890100 0.000000 0.000000 0.000000 1.000000
0.996170 -0.044458 -0.075295 -0.200200 0.044933 0.998979 0.004629 19.804701 0.075012 -0.007994 0.997151 -3.890100 0.000000 0.000000 0.000000 1.000000
0.992762 -0.066877 -0.099757 -0.200200 0.067510 0.997714 0.002978 19.804701 0.099330 -0.009691 0.995007 -3.890100 0.000000 0.000000 0.000000 1.000000
0.990475 -0.076404 -0.114547 -0.200200 0.076711 0.997052 -0.001726 19.804701 0.114341 -0.007077 0.993416 -3.890100 0.000000 0.000000 0.000000 1.000000
0.988926 -0.082614 -0.123293 -0.200200 0.082343 0.996577 -0.007298 19.804701 0.123474 -0.002935 0.992343 -3.890100 0.000000 0.000000 0.000000 1.000000
0.987858 -0.087537 -0.128352 -0.200200 0.086319 0.996154 -0.015034 19.804701 0.129174 0.003772 0.991615 -3.890100 0.000000 0.000000 0.000000 1.000000
0.987021 -0.090773 -0.132477 -0.200200 0.087836 0.995745 -0.027858 19.804701 0.134442 0.015860 0.990794 -3.890100 0.000000 0.000000 0.000000 1.000000
0.986774 -0.091145 -0.134052 -0.200200 0.085937 0.995322 -0.044150 19.804701 0.137449 0.032046 0.989990 -3.890100 0.000000 0.000000 0.000000 1.000000
0.987568 -0.089662 -0.129110 -0.200200 0.082550 0.994813 -0.059436 19.804701 0.133769 0.048039 0.989847 -3.890100 0.000000 0.000000 0.000000 1.000000
0.989107 -0.087884 -0.118085 -0.200200 0.079403 0.994039 -0.074713 19.804701 0.123948 0.064523 0.990189 -3.890100 0.000000 0.000000 0.000000 1.000000
0.990934 -0.086588 -0.102729 -0.200200 0.077289 0.992820 -0.091294 19.804701 0.109896 0.082526 0.990511 -3.890100 0.000000 0.000000 0.000000 1.000000
0.992711 -0.086727 -0.083688 -0.200200 0.077253 0.990872 -0.110474 19.804701 0.092505 0.103204 0.990349 -3.890100 0.000000 0.000000 0.000000 1.000000
0.994239 -0.087776 -0.061518 -0.200200 0.078670 0.987389 -0.137382 19.804701 0.072801 0.131751 0.988606 -3.890100 0.000000 0.000000 0.000000 1.000000
0.996424 -0.078684 -0.030798 -0.200200 0.072536 0.983479 -0.165853 19.804701 0.043339 0.163026 0.985669 -3.890100 0.000000 0.000000 0.000000 1.000000
0.998682 -0.051273 -0.002299 -0.200200 0.049928 0.980913 -0.187929 19.804701 0.011891 0.187567 0.982180 -3.890100 0.000000 0.000000 0.000000 1.000000
0.999853 -0.014202 0.009605 -0.200200 0.015836 0.979693 -0.199878 19.804701 -0.006571 0.200001 0.979774 -3.890100 0.000000 0.000000 0.000000 1.000000
0.999797 0.019358 0.005499 -0.200200 -0.017829 0.978790 -0.204091 19.804701 -0.009333 0.203951 0.978937 -3.890100 0.000000 0.000000 0.000000 1.000000
0.999154 0.040732 -0.005708 -0.200200 -0.041029 0.977336 -0.207678 19.804701 -0.002881 0.207737 0.978181 -3.890100 0.000000 0.000000 0.000000 1.000000
0.998616 0.049705 -0.017214 -0.200200 -0.052235 0.975634 -0.213095 19.804701 0.006203 0.213700 0.976880 -3.890100 0.000000 0.000000 0.000000 1.000000
0.998204 0.052863 -0.028191 -0.200200 -0.057745 0.974317 -0.217650 19.804701 0.015961 0.218887 0.975620 -3.890100 0.000000 0.000000 0.000000 1.000000
0.997790 0.054059 -0.038641 -0.200200 -0.061250 0.973726 -0.219332 19.804701 0.025769 0.221214 0.974885 -3.890100 0.000000 0.000000 0.000000 1.000000
0.997517 0.053705 -0.045564 -0.200200 -0.062436 0.973668 -0.219254 19.804701 0.032589 0.221555 0.974603 -3.890100 0.000000 0.000000 0.000000 1.000000
0.997231 0.056299 -0.048587 -0.200200 -0.065706 0.973033 -0.221110 19.804701 0.034828 0.223690 0.974038 -3.890100 0.000000 0.000000 0.000000 1.000000
0.996666 0.064600 -0.049835 -0.200200 -0.074279 0.971132 -0.226682 19.804701 0.033753 0.229628 0.972693 -3.890100 0.000000 0.000000 0.000000 1.000000
0.996158 0.073757 -0.047204 -0.200200 -0.082778 0.968992 -0.232813 19.804701 0.028569 0.235826 0.971375 -3.890100 0.000000 0.000000 0.000000 1.000000
0.996068 0.078237 -0.041570 -0.200200 -0.085865 0.968084 -0.235460 19.804701 0.021821 0.238104 0.970995 -3.890100 0.000000 0.000000 0.000000 1.000000
0.996349 0.077164 -0.036519 -0.200200 -0.083596 0.968614 -0.234089 19.804701 0.017309 0.236287 0.971529 -3.890100 0.000000 0.000000 0.000000 1.000000
0.996799 0.072350 -0.034028 -0.200200 -0.078251 0.970159 -0.229495 19.804701 0.016409 0.231423 0.972715 -3.890100 0.000000 0.000000 0.000000 1.000000
0.997376 0.065190 -0.031499 -0.200200 -0.070588 0.972298 -0.222833 19.804701 0.016100 0.224471 0.974348 -3.890100 0.000000 0.000000 0.000000 1.000000
0.998035 0.057007 -0.025997 -0.200200 -0.061271 0.974737 -0.214787 19.804701 0.013096 0.215958 0.976315 -3.890100 0.000000 0.000000 0.000000 1.000000
0.998578 0.049928 -0.018660 -0.200200 -0.052703 0.977183 -0.205757 19.804701 0.007961 0.206447 0.978425 -3.890100 0.000000 0.000000 0.000000 1.000000
0.999020 0.042965 -0.010624 -0.200200 -0.044218 0.979232 -0.197861 19.804701 0.001903 0.198137 0.980173 -3.890100 0.000000 0.000000 0.000000 1.000000
0.999426 0.033867 -0.001070 -0.200200 -0.033437 0.980662 -0.192832 19.804701 -0.005482 0.192757 0.981231 -3.890100 0.000000 0.000000 0.000000 1.000000
0.999668 0.023736 0.009989 -0.200200 -0.021403 0.981496 -0.190284 19.804701 -0.014321 0.190007 0.981678 -3.890100 0.000000 0.000000 0.000000 1.000000
0.999645 0.017360 0.020216 -0.200200 -0.013260 0.982142 -0.187672 19.804701 -0.023113 0.187337 0.982024 -3.890100 0.000000 0.000000 0.000000 1.000000
0.999504 0.015476 0.027441 -0.200200 -0.010204 0.983101 -0.182778 19.804701 -0.029806 0.182407 0.982771 -3.890100 0.000000 0.000000 0.000000 1.000000
0.999392 0.016450 0.030745 -0.200200 -0.010879 0.984813 -0.173275 19.804701 -0.033128 0.172835 0.984393 -3.890100 0.000000 0.000000 0.000000 1.000000
0.999319 0.017749 0.032338 -0.200200 -0.012277 0.986687 -0.162165 19.804701 -0.034786 0.161657 0.986234 -3.890100 0.000000 0.000000 0.000000 1.000000
0.999248 0.017954 0.034370 -0.200200 -0.012630 0.988716 -0.149272 19.804701 -0.036662 0.148726 0.988199 -3.890100 0.000000 0.000000 0.000000 1.000000
0.999183 0.017517 0.036410 -0.200200 -0.012417 0.990648 -0.135874 19.804701 -0.038450 0.135311 0.990057 -3.890100 0.000000 0.000000 0.000000 1.000000
0.999150 0.018767 0.036692 -0.200200 -0.014082 0.992179 -0.124027 19.804701 -0.038733 0.123405 0.991600 -3.890100 0.000000 0.000000 0.000000 1.000000
0.999150 0.022559 0.034507 -0.200200 -0.018450 0.993183 -0.115098 19.804701 -0.036869 0.114363 0.992755 -3.890100 0.000000 0.000000 0.000000 1.000000
0.999177 0.026004 0.031130 -0.200200 -0.022472 0.993801 -0.108881 19.804701 -0.033768 0.108092 0.993567 -3.890100 0.000000 0.000000 0.000000 1.000000
0.999240 0.026575 0.028504 -0.200200 -0.023470 0.994275 -0.104240 19.804701 -0.031111 0.103492 0.994144 -3.890100 0.000000 0.000000 0.000000 1.000000
0.999306 0.025283 0.027349 -0.200200 -0.022435 0.994747 -0.099879 19.804701 -0.029731 0.099196 0.994624 -3.890100 0.000000 0.000000 0.000000 1.000000
0.999354 0.023942 0.026820 -0.200200 -0.021310 0.995302 -0.094447 19.804701 -0.028955 0.093814 0.995169 -3.890100 0.000000 0.000000 0.000000 1.000000
0.999395 0.022737 0.026312 -0.200200 -0.020364 0.995984 -0.087188 19.804701 -0.028188 0.086599 0.995844 -3.890100 0.000000 0.000000 0.000000 1.000000
0.999432 0.021018 0.026328 -0.200200 -0.018879 0.996695 -0.079006 19.804701 -0.027901 0.078464 0.996526 -3.890100 0.000000 0.000000 0.000000 1.000000
0.999460 0.018626 0.027066 -0.200200 -0.016636 0.997267 -0.071990 19.804701 -0.028333 0.071501 0.997038 -3.890100 0.000000 0.000000 0.000000 1.000000
0.999498 0.015365 0.027716 -0.200200 -0.013466 0.997632 -0.067441 19.804701 -0.028686 0.067034 0.997338 -3.890100 0.000000 0.000000 0.000000 1.000000
0.999562 0.010910 0.027499 -0.200200 -0.009106 0.997851 -0.064890 19.804701 -0.028148 0.064611 0.997513 -3.890100 0.000000 0.000000 0.000000 1.000000
0.999627 0.006296 0.026590 -0.200200 -0.004605 0.997992 -0.063179 19.804701 -0.026934 0.063033 0.997648 -3.890100 0.000000 0.000000 0.000000 1.000000
0.999659 0.003683 0.025855 -0.200200 -0.002080 0.998089 -0.061755 19.804701 -0.026033 0.061680 0.997756 -3.890100 0.000000 0.000000 0.000000 1.000000
0.999659 0.003845 0.025833 -0.200200 -0.002272 0.998156 -0.060652 19.804701 -0.026018 0.060573 0.997825 -3.890100 0.000000 0.000000 0.000000 1.000000
0.999637 0.005641 0.026348 -0.200200 -0.004055 0.998200 -0.059839 19.804701 -0.026638 0.059710 0.997860 -3.890100 0.000000 0.000000 0.000000 1.000000
0.999602 0.008123 0.027004 -0.200200 -0.006515 0.998232 -0.059082 19.804701 -0.027437 0.058882 0.997888 -3.890100 0.000000 0.000000 0.000000 1.000000
0.999570 0.010424 0.027413 -0.200200 -0.008813 0.998263 -0.058245 19.804701 -0.027973 0.057979 0.997926 -3.890100 0.000000 0.000000 0.000000 1.000000
0.999552 0.011943 0.027454 -0.200200 -0.010351 0.998298 -0.057386 19.804701 -0.028092 0.057076 0.997975 -3.890100 0.000000 0.000000 0.000000 1.000000
0.999544 0.012732 0.027367 -0.200200 -0.011169 0.998339 -0.056520 19.804701 -0.028041 0.056189 0.998026 -3.890100 0.000000 0.000000 0.000000 1.000000
0.999537 0.013258 0.027376 -0.200200 -0.011722 0.998388 -0.055525 19.804701 -0.028068 0.055178 0.998082 -3.890100 0.000000 0.000000 0.000000 1.000000
0.999530 0.013756 0.027394 -0.200200 -0.012253 0.998449 -0.054306 19.804701 -0.028099 0.053945 0.998148 -3.890100 0.000000 0.000000 0.000000 1.000000
0.999527 0.014234 0.027264 -0.200200 -0.012775 0.998515 -0.052962 19.804701 -0.027978 0.052589 0.998224 -3.890100 0.000000 0.000000 0.000000 1.000000
0.999527 0.014725 0.027010 -0.200200 -0.013315 0.998575 -0.051679 19.804701 -0.027733 0.051295 0.998298 -3.890100 0.000000 0.000000 0.000000 1.000000
0.999527 0.015254 0.026714 -0.200200 -0.013888 0.998623 -0.050585 19.804701 -0.027449 0.050191 0.998362 -3.890100 0.000000 0.000000 0.000000 1.000000
0.999527 0.015790 0.026399 -0.200200 -0.014463 0.998658 -0.049721 19.804701 -0.027149 0.049316 0.998414 -3.890100 0.000000 0.000000 0.000000 1.000000
0.999528 0.016263 0.026049 -0.200200 -0.014973 0.998687 -0.048999 19.804701 -0.026811 0.048586 0.998459 -3.890100 0.000000 0.000000 0.000000 1.000000
0.999532 0.016656 0.025676 -0.200200 -0.015402 0.998714 -0.048302 19.804701 -0.026447 0.047884 0.998503 -3.890100 0.000000 0.000000 0.000000 1.000000
0.999534 0.017058 0.025319 -0.200200 -0.015838 0.998739 -0.047632 19.804701 -0.026099 0.047208 0.998544 -3.890100 0.000000 0.000000 0.000000 1.000000
0.999534 0.017549 0.024988 -0.200200 -0.016359 0.998759 -0.047049 19.804701 -0.025783 0.046618 0.998580 -3.890100 0.000000 0.000000 0.000000 1.000000</float_array><technique_common><accessor source="#mixamorig_Spine-Matrix-animation-output-transform-array" count="81" stride="16"><param type="float4x4"/></accessor></technique_common></source><source id="mixamorig_Spine-Interpolations"><Name_array id="mixamorig_Spine-Interpolations-array" count="81">
 LINEAR LINEAR LINEAR LINEAR LINEAR LINEAR LINEAR LINEAR LINEAR LINEAR LINEAR
LINEAR LINEAR LINEAR LINEAR LINEAR LINEAR LINEAR LINEAR LINEAR LINEAR LINEAR LINEAR
LINEAR LINEAR LINEAR LINEAR LINEAR LINEAR LINEAR LINEAR LINEAR LINEAR LINEAR LINEAR
LINEAR LINEAR LINEAR LINEAR LINEAR LINEAR LINEAR LINEAR LINEAR LINEAR LINEAR LINEAR
LINEAR LINEAR LINEAR LINEAR LINEAR LINEAR LINEAR LINEAR LINEAR LINEAR LINEAR LINEAR
LINEAR LINEAR LINEAR LINEAR LINEAR LINEAR LINEAR LINEAR LINEAR LINEAR LINEAR LINEAR
LINEAR LINEAR LINEAR LINEAR LINEAR LINEAR LINEAR LINEAR LINEAR LINEAR</Name_array><technique_common><accessor source="#mixamorig_Spine-Interpolations-array" count="81"><param type="name"/></accessor></technique_common></source><sampler id="mixamorig_Spine-Matrix-animation-transform"><input semantic="INPUT" source="#mixamorig_Spine-Matrix-animation-input"/><input semantic="OUTPUT" source="#mixamorig_Spine-Matrix-animation-output-transform"/><input semantic="INTERPOLATION" source="#mixamorig_Spine-Interpolations"/></sampler><channel source="#mixamorig_Spine-Matrix-animation-transform" target="mixamorig_Spine/matrix"/></animation>
    <animation id="mixamorig_Spine1-anim" name="mixamorig_Spine1"><source id="mixamorig_Spine1-Matrix-animation-input"><float_array id="mixamorig_Spine1-Matrix-animation-input-array" count="81">

0.000000 0.033333 0.066667 0.100000 0.133333 0.166667 0.200000 0.233333 0.266667 0.300000 0.333333 0.366667 0.400000 0.433333 0.466667 0.500000
0.533333 0.566667 0.600000 0.633333 0.666667 0.700000 0.733333 0.766667 0.800000 0.833333 0.866667 0.900000 0.933333 0.966667 1.000000 1.033333
1.066667 1.100000 1.133333 1.166667 1.200000 1.233333 1.266667 1.300000 1.333333 1.366667 1.400000 1.433333 1.466667 1.500000 1.533333 1.566667
1.600000 1.633333 1.666667 1.700000 1.733333 1.766667 1.800000 1.833333 1.866667 1.900000 1.933333 1.966667 2.000000 2.033333 2.066667 2.100000
2.133333 2.166667 2.200000 2.233333 2.266667 2.300000 2.333333 2.366667 2.400000 2.433333 2.466667 2.500000 2.533333 2.566667 2.600000 2.633333
2.666667</float_array><technique_common><accessor source="#mixamorig_Spine1-Matrix-animation-input-array" count="81"><param name="TIME" type="float"/></accessor></technique_common></source><source id="mixamorig_Spine1-Matrix-animation-output-transform"><float_array id="mixamorig_Spine1-Matrix-animation-output-transform-array" count="1296">

0.998497 -0.023438 0.049552 -0.270400 0.027942 0.995343 -0.092256 23.500299 -0.047159 0.093502 0.994502 -2.360300 0.000000 0.000000 0.000000 1.000000
0.998214 -0.019507 0.056464 -0.270400 0.024402 0.995879 -0.087349 23.500299 -0.054527 0.088570 0.994576 -2.360300 0.000000 0.000000 0.000000 1.000000
0.997683 -0.015405 0.066268 -0.270400 0.021016 0.996175 -0.084815 23.500299 -0.064708 0.086011 0.994191 -2.360300 0.000000 0.000000 0.000000 1.000000
0.996999 -0.014693 0.076006 -0.270400 0.021200 0.996111 -0.085522 23.500299 -0.074453 0.086877 0.993433 -2.360300 0.000000 0.000000 0.000000 1.000000
0.996638 -0.017163 0.080109 -0.270400 0.023988 0.996090 -0.085024 23.500299 -0.078337 0.086660 0.993153 -2.360300 0.000000 0.000000 0.000000 1.000000
0.997138 -0.019398 0.073073 -0.270400 0.025118 0.996621 -0.078201 23.500299 -0.071310 0.079812 0.994256 -2.360300 0.000000 0.000000 0.000000 1.000000
0.998324 -0.019212 0.054591 -0.270400 0.022869 0.997479 -0.067181 23.500299 -0.053163 0.068316 0.996246 -2.360300 0.000000 0.000000 0.000000 1.000000
0.999284 -0.013850 0.035218 -0.270400 0.015915 0.998128 -0.059053 23.500299 -0.034334 0.059572 0.997633 -2.360300 0.000000 0.000000 0.000000 1.000000
0.999555 -0.002432 0.029732 -0.270400 0.004137 0.998341 -0.057427 23.500299 -0.029543 0.057525 0.997907 -2.360300 0.000000 0.000000 0.000000 1.000000
0.999413 0.005596 0.033803 -0.270400 -0.003619 0.998294 -0.058278 23.500299 -0.034071 0.058121 0.997728 -2.360300 0.000000 0.000000 0.000000 1.000000
0.999814 -0.001716 0.019193 -0.270400 0.002747 0.998547 -0.053812 23.500299 -0.019073 0.053854 0.998367 -2.360300 0.000000 0.000000 0.000000 1.000000
0.999377 -0.022750 -0.026982 -0.270400 0.021693 0.999010 -0.038843 23.500299 0.027839 0.038234 0.998881 -2.360300 0.000000 0.000000 0.000000 1.000000
0.994883 -0.049300 -0.088185 -0.270400 0.047858 0.998685 -0.018394 23.500299 0.088976 0.014080 0.995934 -2.360300 0.000000 0.000000 0.000000 1.000000
0.986591 -0.073659 -0.145648 -0.270400 0.073497 0.997274 -0.006497 23.500299 0.145729 -0.004295 0.989315 -2.360300 0.000000 0.000000 0.000000 1.000000
0.977452 -0.089554 -0.191226 -0.270400 0.089546 0.995945 -0.008701 23.500299 0.191230 -0.008619 0.981507 -2.360300 0.000000 0.000000 0.000000 1.000000
0.969768 -0.097635 -0.223645 -0.270400 0.096037 0.995214 -0.018036 23.500299 0.224336 -0.003987 0.974504 -2.360300 0.000000 0.000000 0.000000 1.000000
0.963967 -0.103340 -0.245129 -0.270400 0.099151 0.994638 -0.029404 23.500299 0.246853 0.004040 0.969045 -2.360300 0.000000 0.000000 0.000000 1.000000
0.959732 -0.108374 -0.259172 -0.270400 0.100005 0.993955 -0.045303 23.500299 0.262515 0.017560 0.964768 -2.360300 0.000000 0.000000 0.000000 1.000000
0.956251 -0.111914 -0.270297 -0.270400 0.095968 0.992810 -0.071549 23.500299 0.276360 0.042479 0.960115 -2.360300 0.000000 0.000000 0.000000 1.000000
0.953832 -0.114891 -0.277499 -0.270400 0.088608 0.990463 -0.105508 23.500299 0.286974 0.076048 0.954915 -2.360300 0.000000 0.000000 0.000000 1.000000
0.953913 -0.120296 -0.274917 -0.270400 0.084548 0.986759 -0.138413 23.500299 0.287927 0.108791 0.951453 -2.360300 0.000000 0.000000 0.000000 1.000000
0.956242 -0.129827 -0.262196 -0.270400 0.086203 0.981396 -0.171555 23.500299 0.279591 0.141446 0.949643 -2.360300 0.000000 0.000000 0.000000 1.000000
0.960331 -0.140102 -0.241114 -0.270400 0.090653 0.974515 -0.205191 23.500299 0.263716 0.175194 0.948557 -2.360300 0.000000 0.000000 0.000000 1.000000
0.966360 -0.145759 -0.211902 -0.270400 0.093595 0.966712 -0.238134 23.500299 0.239558 0.210291 0.947834 -2.360300 0.000000 0.000000 0.000000 1.000000
0.973706 -0.145302 -0.175455 -0.270400 0.092095 0.955512 -0.280206 23.500299 0.208364 0.256679 0.943769 -2.360300 0.000000 0.000000 0.000000 1.000000
0.983344 -0.133613 -0.123214 -0.270400 0.087416 0.942043 -0.323902 23.500299 0.159350 0.307737 0.938033 -2.360300 0.000000 0.000000 0.000000 1.000000
0.991874 -0.106798 -0.069139 -0.270400 0.075214 0.930545 -0.358368 23.500299 0.102610 0.350256 0.931017 -2.360300 0.000000 0.000000 0.000000 1.000000
0.996723 -0.072419 -0.036049 -0.270400 0.053505 0.924401 -0.377650 23.500299 0.060673 0.374483 0.925246 -2.360300 0.000000 0.000000 0.000000 1.000000
0.998743 -0.041611 -0.027931 -0.270400 0.027725 0.923024 -0.383741 23.500299 0.041749 0.382485 0.923018 -2.360300 0.000000 0.000000 0.000000 1.000000
0.999204 -0.021539 -0.033583 -0.270400 0.006881 0.922174 -0.386714 23.500299 0.039299 0.386175 0.921588 -2.360300 0.000000 0.000000 0.000000 1.000000
0.999049 -0.011362 -0.042099 -0.270400 -0.006034 0.920146 -0.391530 23.500299 0.043186 0.391411 0.919202 -2.360300 0.000000 0.000000 0.000000 1.000000
0.998743 -0.004845 -0.049894 -0.270400 -0.015319 0.918209 -0.395799 23.500299 0.047731 0.396066 0.916981 -2.360300 0.000000 0.000000 0.000000 1.000000
0.998367 0.002737 -0.057058 -0.270400 -0.025227 0.917294 -0.397412 23.500299 0.051251 0.398202 0.915865 -2.360300 0.000000 0.000000 0.000000 1.000000
0.997887 0.013034 -0.063652 -0.270400 -0.037359 0.916625 -0.397998 23.500299 0.053157 0.399535 0.915176 -2.360300 0.000000 0.000000 0.000000 1.000000
0.997299 0.027520 -0.068098 -0.270400 -0.052699 0.913930 -0.402437 23.500299 0.051162 0.404939 0.912911 -2.360300 0.000000 0.000000 0.000000 1.000000
0.996677 0.045973 -0.067246 -0.270400 -0.069745 0.908114 -0.412873 23.500299 0.042086 0.416191 0.908303 -2.360300 0.000000 0.000000 0.000000 1.000000
0.996192 0.063954 -0.059260 -0.270400 -0.083126 0.901733 -0.424225 23.500299 0.026305 0.427536 0.903616 -2.360300 0.000000 0.000000 0.000000 1.000000
0.996047 0.075544 -0.046719 -0.270400 -0.088313 0.898542 -0.429910 23.500299 0.009502 0.432337 0.901662 -2.360300 0.000000 0.000000 0.000000 1.000000
0.996246 0.078876 -0.035659 -0.270400 -0.086546 0.899522 -0.428216 23.500299 -0.001700 0.429695 0.902972 -2.360300 0.000000 0.000000 0.000000 1.000000
0.996679 0.076051 -0.029121 -0.270400 -0.081238 0.903629 -0.420540 23.500299 -0.005668 0.421509 0.906806 -2.360300 0.000000 0.000000 0.000000 1.000000
0.997322 0.069479 -0.022819 -0.270400 -0.072723 0.909351 -0.409624 23.500299 -0.007710 0.410187 0.911969 -2.360300 0.000000 0.000000 0.000000 1.000000
0.998120 0.060235 -0.011283 -0.270400 -0.059750 0.915603 -0.397620 23.500299 -0.013620 0.397547 0.917481 -2.360300 0.000000 0.000000 0.000000 1.000000
0.998778 0.049215 0.004438 -0.270400 -0.043708 0.921768 -0.385271 23.500299 -0.023052 0.384607 0.922793 -2.360300 0.000000 0.000000 0.000000 1.000000
0.999113 0.037522 0.019097 -0.270400 -0.027662 0.926976 -0.374099 23.500299 -0.031739 0.373239 0.927192 -2.360300 0.000000 0.000000 0.000000 1.000000
0.999152 0.027870 0.030303 -0.270400 -0.014851 0.930460 -0.366092 23.500299 -0.038398 0.365332 0.930085 -2.360300 0.000000 0.000000 0.000000 1.000000
0.998893 0.022987 0.041040 -0.270400 -0.006607 0.932375 -0.361431 23.500299 -0.046573 0.360760 0.931495 -2.360300 0.000000 0.000000 0.000000 1.000000
0.998317 0.021293 0.053951 -0.270400 -0.000614 0.934003 -0.357266 23.500299 -0.057998 0.356631 0.932443 -2.360300 0.000000 0.000000 0.000000 1.000000
0.997674 0.018736 0.065544 -0.270400 0.005372 0.936890 -0.349584 23.500299 -0.067957 0.349123 0.934610 -2.360300 0.000000 0.000000 0.000000 1.000000
0.997367 0.015471 0.070847 -0.270400 0.009038 0.942836 -0.333135 23.500299 -0.071951 0.332898 0.940214 -2.360300 0.000000 0.000000 0.000000 1.000000
0.997283 0.014371 0.072256 -0.270400 0.009005 0.949658 -0.313159 23.500299 -0.073119 0.312959 0.946948 -2.360300 0.000000 0.000000 0.000000 1.000000
0.997144 0.013240 0.074350 -0.270400 0.008886 0.957102 -0.289614 23.500299 -0.074995 0.289448 0.954251 -2.360300 0.000000 0.000000 0.000000 1.000000
0.996991 0.009375 0.076943 -0.270400 0.011367 0.964245 -0.264770 23.500299 -0.076674 0.264848 0.961237 -2.360300 0.000000 0.000000 0.000000 1.000000
0.997053 0.003758 0.076620 -0.270400 0.014948 0.970136 -0.242101 23.500299 -0.075242 0.242533 0.967221 -2.360300 0.000000 0.000000 0.000000 1.000000
0.997458 -0.001223 0.071248 -0.270400 0.017220 0.974358 -0.224342 23.500299 -0.069147 0.224998 0.971903 -2.360300 0.000000 0.000000 0.000000 1.000000
0.998029 -0.004725 0.062583 -0.270400 0.017917 0.977114 -0.211959 23.500299 -0.060149 0.212662 0.975273 -2.360300 0.000000 0.000000 0.000000 1.000000
0.998468 -0.006625 0.054936 -0.270400 0.017679 0.978964 -0.203263 23.500299 -0.052434 0.203923 0.977582 -2.360300 0.000000 0.000000 0.000000 1.000000
