<?xml version="1.0" encoding="utf-8"?>
<COLLADA xmlns="http://www.collada.org/2005/11/COLLADASchema" version="1.4.1">
  <asset><contributor><author>Mixamo</author><authoring_tool>COLLADA Mixamo exporter</authoring_tool><comments></comments></contributor><created>2018-12-19T01:13:52Z</created><modified>2018-12-19T01:13:52Z</modified><revision></revision><title></title><unit meter="0.010000"/><up_axis>Y_UP</up_axis></asset>
  <library_animations>
    <animation id="mixamorig_Hips-anim" name="mixamorig_Hips"><source id="mixamorig_Hips-Matrix-animation-input"><float_array id="mixamorig_Hips-Matrix-animation-input-array" count="65">

0.000000 0.033333 0.066667 0.100000 0.133333 0.166667 0.200000 0.233333 0.266667 0.300000 0.333333 0.366667 0.400000 0.433333 0.466667 0.500000
0.533333 0.566667 0.600000 0.633333 0.666667 0.700000 0.733333 0.766667 0.800000 0.833333 0.866667 0.900000 0.933333 0.966667 1.000000 1.033333
1.066667 1.100000 1.133333 1.166667 1.200000 1.233333 1.266667 1.300000 1.333333 1.366667 1.400000 1.433333 1.466667 1.500000 1.533333 1.566667
1.600000 1.633333 1.666667 1.700000 1.733333 1.766667 1.800000 1.833333 1.866667 1.900000 1.933333 1.966667 2.000000 2.033333 2.066667 2.100000
2.133333</float_array><technique_common><accessor source="#mixamorig_Hips-Matrix-animation-input-array" count="65"><param name="TIME" type="float"/></accessor></technique_common></source><source id="mixamorig_Hips-Matrix-animation-output-transform"><float_array id="mixamorig_Hips-Matrix-animation-output-transform-array" count="1040">

0.452784 -0.059614 -0.889625 1.470248 -0.001478 0.997711 -0.067610 190.515244 0.891619 0.031928 0.451660 -1.219591 0.000000 0.000000 0.000000 1.000000
0.450263 -0.059929 -0.890883 1.461206 -0.000274 0.997736 -0.067256 190.494385 0.892896 0.030527 0.449227 -1.365115 0.000000 0.000000 0.000000 1.000000
0.447102 -0.060174 -0.892457 1.409025 0.000863 0.997763 -0.066842 190.483078 0.894483 0.029114 0.446154 -1.529077 0.000000 0.000000 0.000000 1.000000
0.443280 -0.059919 -0.894378 1.312971 0.001306 0.997805 -0.066201 190.474365 0.896382 0.028177 0.442386 -1.711433 0.000000 0.000000 0.000000 1.000000
0.438694 -0.058933 -0.896702 1.179948 0.000564 0.997865 -0.065306 190.465042 0.898637 0.028144 0.437790 -1.915933 0.000000 0.000000 0.000000 1.000000
0.433483 -0.057279 -0.899340 1.016635 -0.001526 0.997930 -0.064294 190.447342 0.901161 0.029243 0.432498 -2.145038 0.000000 0.000000 0.000000 1.000000
0.428030 -0.055051 -0.902086 0.837956 -0.005178 0.997977 -0.063359 190.389618 0.903750 0.031791 0.426880 -2.379961 0.000000 0.000000 0.000000 1.000000
0.423278 -0.052092 -0.904501 0.679306 -0.010892 0.997981 -0.062573 190.239304 0.905934 0.036338 0.421856 -2.570225 0.000000 0.000000 0.000000 1.000000
0.420695 -0.047782 -0.905943 0.611137 -0.019832 0.997889 -0.061841 189.932190 0.906985 0.043983 0.418859 -2.629553 0.000000 0.000000 0.000000 1.000000
0.422264 -0.040660 -0.905561 0.604866 -0.033384 0.997618 -0.060361 189.395782 0.905858 0.055720 0.419901 -2.444658 0.000000 0.000000 0.000000 1.000000
0.429237 -0.029182 -0.902720 0.526098 -0.050781 0.997117 -0.056379 188.672745 0.901763 0.070041 0.426517 -1.902221 0.000000 0.000000 0.000000 1.000000
0.442295 -0.011535 -0.896796 0.297868 -0.070889 0.996339 -0.047778 187.740936 0.894064 0.084705 0.439858 -0.810054 0.000000 0.000000 0.000000 1.000000
0.462452 0.013277 -0.886545 -0.166494 -0.092062 0.995202 -0.033119 186.640335 0.881852 0.096933 0.461456 0.969370 0.000000 0.000000 0.000000 1.000000
0.491135 0.045265 -0.869907 -0.954569 -0.113321 0.993483 -0.012284 185.397369 0.863681 0.104612 0.493063 3.574418 0.000000 0.000000 0.000000 1.000000
0.532689 0.083723 -0.842160 -2.143568 -0.134561 0.990815 0.013388 184.146881 0.835545 0.106191 0.539062 7.218674 0.000000 0.000000 0.000000 1.000000
0.596440 0.126249 -0.792667 -3.622098 -0.155841 0.986975 0.039935 183.260803 0.787384 0.099711 0.608346 12.069320 0.000000 0.000000 0.000000 1.000000
0.688314 0.169320 -0.705376 -5.065032 -0.176804 0.982212 0.063244 183.032822 0.703537 0.081181 0.706007 18.086657 0.000000 0.000000 0.000000 1.000000
0.794912 0.207301 -0.570212 -6.172233 -0.196684 0.977112 0.081040 183.664124 0.573960 0.047732 0.817491 24.911781 0.000000 0.000000 0.000000 1.000000
0.887882 0.235662 -0.395132 -6.808836 -0.215291 0.971835 0.095843 185.272751 0.406590 -0.000029 0.913611 31.714655 0.000000 0.000000 0.000000 1.000000
0.945697 0.252754 -0.204385 -7.065376 -0.234000 0.965805 0.111643 188.032974 0.225614 -0.057754 0.972503 37.500298 0.000000 0.000000 0.000000 1.000000
0.965150 0.260988 -0.019244 -7.100213 -0.256762 0.958601 0.123117 191.588242 0.050580 -0.113885 0.992206 41.169968 0.000000 0.000000 0.000000 1.000000
0.952575 0.260788 0.156815 -7.247395 -0.281273 0.951230 0.126677 195.510696 -0.116131 -0.164778 0.979470 42.574303 0.000000 0.000000 0.000000 1.000000
0.909767 0.253224 0.328940 -8.184686 -0.306010 0.944532 0.119232 199.176682 -0.280502 -0.209132 0.936794 42.698586 0.000000 0.000000 0.000000 1.000000
0.834655 0.251510 0.489994 -10.090997 -0.338233 0.936194 0.095604 202.476608 -0.434684 -0.245529 0.866467 43.513195 0.000000 0.000000 0.000000 1.000000
0.734421 0.269924 0.622709 -11.387896 -0.388863 0.919332 0.060124 205.559692 -0.556247 -0.286305 0.780140 45.820690 0.000000 0.000000 0.000000 1.000000
0.630269 0.300285 0.715954 -10.636078 -0.456256 0.889388 0.028625 207.718918 -0.628165 -0.344699 0.697561 47.808517 0.000000 0.000000 0.000000 1.000000
0.557167 0.318109 0.767054 -9.976206 -0.515990 0.856369 0.019652 208.472687 -0.650630 -0.406741 0.641282 49.062157 0.000000 0.000000 0.000000 1.000000
0.536427 0.329976 0.776764 -9.674795 -0.557664 0.829420 0.032774 208.460052 -0.633448 -0.450754 0.628939 50.141350 0.000000 0.000000 0.000000 1.000000
0.553979 0.346515 0.756990 -9.762460 -0.589772 0.805104 0.063066 208.005142 -0.587603 -0.481389 0.650375 52.638859 0.000000 0.000000 0.000000 1.000000
0.580480 0.358706 0.731008 -9.677482 -0.607340 0.788711 0.095257 207.341965 -0.542384 -0.499265 0.675687 55.551125 0.000000 0.000000 0.000000 1.000000
0.593854 0.360063 0.719508 -9.476278 -0.603433 0.790825 0.102298 205.974609 -0.532171 -0.494925 0.686908 56.826828 0.000000 0.000000 0.000000 1.000000
0.591322 0.352817 0.725161 -8.948748 -0.591832 0.800673 0.093044 204.723404 -0.547790 -0.484192 0.682264 57.990524 0.000000 0.000000 0.000000 1.000000
0.587813 0.347377 0.730620 -8.034653 -0.578807 0.811549 0.079819 204.205399 -0.565207 -0.469807 0.678103 59.270298 0.000000 0.000000 0.000000 1.000000
0.596669 0.349292 0.722483 -6.663022 -0.564387 0.822674 0.068374 204.351562 -0.570485 -0.448557 0.688000 59.985580 0.000000 0.000000 0.000000 1.000000
0.619023 0.354362 0.700884 -5.240914 -0.547060 0.834863 0.061065 204.766281 -0.563503 -0.421226 0.710657 60.270721 0.000000 0.000000 0.000000 1.000000
0.651965 0.354832 0.670101 -4.227303 -0.523508 0.849957 0.059271 204.933990 -0.548526 -0.389446 0.739899 60.683468 0.000000 0.000000 0.000000 1.000000
0.695578 0.347676 0.628723 -3.831422 -0.492066 0.868180 0.064296 204.387680 -0.523491 -0.354096 0.774967 61.365875 0.000000 0.000000 0.000000 1.000000
0.752416 0.334746 0.567288 -3.297879 -0.452268 0.888684 0.075464 203.470123 -0.478878 -0.313346 0.820055 61.442223 0.000000 0.000000 0.000000 1.000000
0.821048 0.316250 0.475254 -2.321203 -0.404338 0.909861 0.093082 202.405365 -0.402978 -0.268589 0.874911 60.748821 0.000000 0.000000 0.000000 1.000000
0.892446 0.288605 0.346767 -1.073989 -0.346236 0.930910 0.116307 201.068298 -0.289242 -0.223861 0.930712 59.437340 0.000000 0.000000 0.000000 1.000000
0.949225 0.254377 0.185104 0.659245 -0.281582 0.949371 0.139304 199.809494 -0.140296 -0.184353 0.972795 57.492783 0.000000 0.000000 0.000000 1.000000
0.974649 0.223716 0.003292 3.046980 -0.221552 0.962958 0.153712 199.455704 0.031218 -0.150545 0.988110 55.181770 0.000000 0.000000 0.000000 1.000000
0.962669 0.201566 -0.180666 5.454109 -0.174103 0.972146 0.156909 200.152130 0.207261 -0.119596 0.970948 52.836559 0.000000 0.000000 0.000000 1.000000
0.918460 0.187180 -0.348417 7.012247 -0.141572 0.978144 0.152290 201.398987 0.369308 -0.090547 0.924885 50.385475 0.000000 0.000000 0.000000 1.000000
0.854251 0.178387 -0.488297 7.420506 -0.122925 0.981960 0.143682 202.543976 0.505119 -0.062716 0.860768 47.550488 0.000000 0.000000 0.000000 1.000000
0.781299 0.171435 -0.600151 6.999759 -0.115663 0.984653 0.130694 203.193604 0.613346 -0.032696 0.789137 43.917297 0.000000 0.000000 0.000000 1.000000
0.703533 0.159431 -0.692548 6.224687 -0.115056 0.987207 0.110383 202.909546 0.701287 0.002023 0.712876 39.247227 0.000000 0.000000 0.000000 1.000000
0.622861 0.136334 -0.770362 5.476193 -0.114759 0.989969 0.082413 201.333282 0.773870 0.037074 0.632258 33.681145 0.000000 0.000000 0.000000 1.000000
0.545663 0.103805 -0.831550 5.007646 -0.112030 0.992427 0.050374 198.174377 0.830482 0.065671 0.553160 27.759090 0.000000 0.000000 0.000000 1.000000
0.482242 0.067525 -0.873432 5.059036 -0.104432 0.994346 0.019214 194.121353 0.869791 0.081949 0.486567 22.186298 0.000000 0.000000 0.000000 1.000000
0.442483 0.032449 -0.896190 5.703151 -0.091173 0.995795 -0.008961 190.149048 0.892130 0.085673 0.443580 17.352373 0.000000 0.000000 0.000000 1.000000
0.429094 0.004036 -0.903251 6.592910 -0.076436 0.996565 -0.031858 187.104385 0.900020 0.082711 0.427928 13.454037 0.000000 0.000000 0.000000 1.000000
0.432707 -0.012363 -0.901450 6.911394 -0.066662 0.996730 -0.045669 185.837463 0.899067 0.079854 0.430468 10.541130 0.000000 0.000000 0.000000 1.000000
0.436874 -0.018145 -0.899340 6.295213 -0.060834 0.996912 -0.049665 186.122864 0.897463 0.076408 0.434421 8.068788 0.000000 0.000000 0.000000 1.000000
0.433812 -0.020251 -0.900776 5.272920 -0.056010 0.997208 -0.049393 187.174881 0.899261 0.071880 0.431466 6.013187 0.000000 0.000000 0.000000 1.000000
0.430449 -0.023651 -0.902305 4.419188 -0.049084 0.997564 -0.049563 188.337296 0.901280 0.065623 0.428239 4.473208 0.000000 0.000000 0.000000 1.000000
0.434610 -0.028253 -0.900175 3.835486 -0.040349 0.997893 -0.050801 189.268250 0.899714 0.058399 0.432555 3.363235 0.000000 0.000000 0.000000 1.000000
0.444182 -0.032121 -0.895361 3.347266 -0.032432 0.998126 -0.051897 189.885010 0.895349 0.052091 0.442308 2.473500 0.000000 0.000000 0.000000 1.000000
0.451727 -0.034942 -0.891472 2.873517 -0.026645 0.998259 -0.052629 190.222000 0.891758 0.047527 0.450009 1.696223 0.000000 0.000000 0.000000 1.000000
0.453570 -0.038152 -0.890404 2.462229 -0.021813 0.998309 -0.053887 190.347260 0.890954 0.043864 0.451971 1.036028 0.000000 0.000000 0.000000 1.000000
0.451603 -0.042792 -0.891192 2.139653 -0.016603 0.998273 -0.056347 190.323334 0.892065 0.040243 0.450112 0.486517 0.000000 0.000000 0.000000 1.000000
0.449515 -0.048392 -0.891961 1.883683 -0.011217 0.998147 -0.059806 190.283859 0.893202 0.036888 0.448140 0.004963 0.000000 0.000000 0.000000 1.000000
0.449449 -0.053618 -0.891696 1.677577 -0.006623 0.997970 -0.063347 190.322449 0.893282 0.034377 0.448181 -0.441124 0.000000 0.000000 0.000000 1.000000
0.451115 -0.057376 -0.890620 1.530424 -0.003409 0.997813 -0.066008 190.411819 0.892459 0.032813 0.449933 -0.854703 0.000000 0.000000 0.000000 1.000000
0.452784 -0.059614 -0.889625 1.470245 -0.001478 0.997711 -0.067610 190.515274 0.891619 0.031928 0.451660 -1.219593 0.000000 0.000000 0.000000 1.000000</float_array><technique_common><accessor source="#mixamorig_Hips-Matrix-animation-output-transform-array" count="65" stride="16"><param type="float4x4"/></accessor></technique_common></source><source id="mixamorig_Hips-Interpolations"><Name_array id="mixamorig_Hips-Interpolations-array" count="65">
 LINEAR LINEAR LINEAR LINEAR LINEAR LINEAR LINEAR LINEAR LINEAR LINEAR LINEAR
LINEAR LINEAR LINEAR LINEAR LINEAR LINEAR LINEAR LINEAR LINEAR LINEAR LINEAR LINEAR
LINEAR LINEAR LINEAR LINEAR LINEAR LINEAR LINEAR LINEAR LINEAR LINEAR LINEAR LINEAR
LINEAR LINEAR LINEAR LINEAR LINEAR LINEAR LINEAR LINEAR LINEAR LINEAR LINEAR LINEAR
LINEAR LINEAR LINEAR LINEAR LINEAR LINEAR LINEAR LINEAR LINEAR LINEAR LINEAR LINEAR
LINEAR LINEAR LINEAR LINEAR LINEAR LINEAR</Name_array><technique_common><accessor source="#mixamorig_Hips-Interpolations-array" count="65"><param type="name"/></accessor></technique_common></source><sampler id="mixamorig_Hips-Matrix-animation-transform"><input semantic="INPUT" source="#mixamorig_Hips-Matrix-animation-input"/><input semantic="OUTPUT" source="#mixamorig_Hips-Matrix-animation-output-transform"/><input semantic="INTERPOLATION" source="#mixamorig_Hips-Interpolations"/></sampler><channel source="#mixamorig_Hips-Matrix-animation-transform" target="mixamorig_Hips/matrix"/></animation>
    <animation id="mixamorig_Spine-anim" name="mixamorig_Spine"><source id="mixamorig_Spine-Matrix-animation-input"><float_array id="mixamorig_Spine-Matrix-animation-input-array" count="65">

0.000000 0.033333 0.066667 0.100000 0.133333 0.166667 0.200000 0.233333 0.266667 0.300000 0.333333 0.366667 0.400000 0.433333 0.466667 0.500000
0.533333 0.566667 0.600000 0.633333 0.666667 0.700000 0.733333 0.766667 0.800000 0.833333 0.866667 0.900000 0.933333 0.966667 1.000000 1.033333
1.066667 1.100000 1.133333 1.166667 1.200000 1.233333 1.266667 1.300000 1.333333 1.366667 1.400000 1.433333 1.466667 1.500000 1.533333 1.566667
1.600000 1.633333 1.666667 1.700000 1.733333 1.766667 1.800000 1.833333 1.866667 1.900000 1.933333 1.966667 2.000000 2.033333 2.066667 2.100000
2.133333</float_array><technique_common><accessor source="#mixamorig_Spine-Matrix-animation-input-array" count="65"><param name="TIME" type="float"/></accessor></technique_common></source><source id="mixamorig_Spine-Matrix-animation-output-transform"><float_array id="mixamorig_Spine-Matrix-animation-output-transform-array" count="1040">

0.999800 -0.010134 0.017249 -0.200200 0.010995 0.998661 -0.050542 19.804701 -0.016714 0.050721 0.998573 -3.890100 0.000000 0.000000 0.000000 1.000000
0.999802 -0.009999 0.017207 -0.200200 0.010852 0.998679 -0.050231 19.804701 -0.016682 0.050408 0.998589 -3.890100 0.000000 0.000000 0.000000 1.000000
0.999802 -0.010218 0.017073 -0.200200 0.011059 0.998692 -0.049914 19.804701 -0.016540 0.050093 0.998608 -3.890100 0.000000 0.000000 0.000000 1.000000
0.999800 -0.010818 0.016835 -0.200200 0.011639 0.998707 -0.049478 19.804701 -0.016278 0.049664 0.998633 -3.890100 0.000000 0.000000 0.000000 1.000000
0.999796 -0.011700 0.016457 -0.200200 0.012492 0.998726 -0.048882 19.804701 -0.015864 0.049078 0.998669 -3.890100 0.000000 0.000000 0.000000 1.000000
0.999796 -0.012518 0.015855 -0.200200 0.013271 0.998744 -0.048307 19.804701 -0.015230 0.048508 0.998707 -3.890100 0.000000 0.000000 0.000000 1.000000
0.999803 -0.013063 0.014960 -0.200200 0.013766 0.998759 -0.047871 19.804701 -0.014316 0.048068 0.998741 -3.890100 0.000000 0.000000 0.000000 1.000000
0.999814 -0.013695 0.013579 -0.200200 0.014324 0.998776 -0.047336 19.804701 -0.012914 0.047522 0.998787 -3.890100 0.000000 0.000000 0.000000 1.000000
0.999817 -0.015514 0.011154 -0.200200 0.016016 0.998792 -0.046454 19.804701 -0.010420 0.046624 0.998858 -3.890100 0.000000 0.000000 0.000000 1.000000
0.999787 -0.019433 0.006904 -0.200200 0.019727 0.998766 -0.045573 19.804701 -0.006010 0.045700 0.998937 -3.890100 0.000000 0.000000 0.000000 1.000000
0.999703 -0.024359 0.001079 -0.200200 0.024383 0.998683 -0.045138 19.804701 0.000022 0.045151 0.998980 -3.890100 0.000000 0.000000 0.000000 1.000000
0.999557 -0.029436 -0.004330 -0.200200 0.029213 0.998574 -0.044678 19.804701 0.005639 0.044532 0.998992 -3.890100 0.000000 0.000000 0.000000 1.000000
0.999396 -0.034081 -0.006743 -0.200200 0.033758 0.998494 -0.043253 19.804701 0.008207 0.042999 0.999041 -3.890100 0.000000 0.000000 0.000000 1.000000
0.999264 -0.038110 -0.004303 -0.200200 0.037905 0.998462 -0.040451 19.804701 0.005838 0.040258 0.999172 -3.890100 0.000000 0.000000 0.000000 1.000000
0.999160 -0.040392 0.006891 -0.200200 0.040611 0.998549 -0.035372 19.804701 -0.005452 0.035622 0.999350 -3.890100 0.000000 0.000000 0.000000 1.000000
0.998210 -0.037917 0.046254 -0.200200 0.038997 0.998982 -0.022677 19.804701 -0.045347 0.024441 0.998672 -3.890100 0.000000 0.000000 0.000000 1.000000
0.993825 -0.030569 0.106668 -0.200200 0.031197 0.999504 -0.004221 19.804701 -0.106486 0.007523 0.994286 -3.890100 0.000000 0.000000 0.000000 1.000000
0.984392 -0.021286 0.174696 -0.200200 0.019036 0.999713 0.014545 19.804701 -0.174956 -0.010992 0.984515 -3.890100 0.000000 0.000000 0.000000 1.000000
0.972096 -0.012437 0.234252 -0.200200 0.006263 0.999614 0.027081 19.804701 -0.234499 -0.024858 0.971799 -3.890100 0.000000 0.000000 0.000000 1.000000
0.961856 -0.006210 0.273487 -0.200200 -0.002016 0.999554 0.029787 19.804701 -0.273550 -0.029202 0.961414 -3.890100 0.000000 0.000000 0.000000 1.000000
0.956759 -0.006031 0.290820 -0.200200 -0.001450 0.999674 0.025505 19.804701 -0.290878 -0.024824 0.956438 -3.890100 0.000000 0.000000 0.000000 1.000000
0.958455 -0.010239 0.285060 -0.200200 0.005629 0.999840 0.016984 19.804701 -0.285188 -0.014674 0.958359 -3.890100 0.000000 0.000000 0.000000 1.000000
0.964510 -0.017445 0.263469 -0.200200 0.016241 0.999845 0.006749 19.804701 -0.263546 -0.002230 0.964644 -3.890100 0.000000 0.000000 0.000000 1.000000
0.972935 -0.032258 0.228817 -0.200200 0.034476 0.999389 -0.005699 19.804701 -0.228493 0.013433 0.973453 -3.890100 0.000000 0.000000 0.000000 1.000000
0.982332 -0.061733 0.176671 -0.200200 0.066981 0.997468 -0.023889 19.804701 -0.174749 0.035300 0.983980 -3.890100 0.000000 0.000000 0.000000 1.000000
0.988608 -0.103206 0.109553 -0.200200 0.109256 0.992719 -0.050725 19.804701 -0.103520 0.062117 0.992686 -3.890100 0.000000 0.000000 0.000000 1.000000
0.989710 -0.136691 0.042299 -0.200200 0.139760 0.986867 -0.080999 19.804701 -0.030672 0.086078 0.995816 -3.890100 0.000000 0.000000 0.000000 1.000000
0.987853 -0.154993 -0.011108 -0.200200 0.153100 0.983032 -0.101033 19.804701 0.026579 0.098105 0.994821 -3.890100 0.000000 0.000000 0.000000 1.000000
0.985940 -0.161103 -0.044362 -0.200200 0.155613 0.981950 -0.107513 19.804701 0.060882 0.099098 0.993213 -3.890100 0.000000 0.000000 0.000000 1.000000
0.984774 -0.161849 -0.063438 -0.200200 0.154359 0.981970 -0.109127 19.804701 0.079957 0.097673 0.992001 -3.890100 0.000000 0.000000 0.000000 1.000000
0.984153 -0.159021 -0.078452 -0.200200 0.149641 0.982184 -0.113676 19.804701 0.095131 0.100135 0.990416 -3.890100 0.000000 0.000000 0.000000 1.000000
0.984161 -0.154059 -0.087712 -0.200200 0.143215 0.982534 -0.118815 19.804701 0.104485 0.104371 0.989035 -3.890100 0.000000 0.000000 0.000000 1.000000
0.985069 -0.148704 -0.086750 -0.200200 0.138041 0.983355 -0.118145 19.804701 0.102875 0.104406 0.989200 -3.890100 0.000000 0.000000 0.000000 1.000000
0.986314 -0.144015 -0.080281 -0.200200 0.134695 0.984601 -0.111437 19.804701 0.095094 0.099098 0.990523 -3.890100 0.000000 0.000000 0.000000 1.000000
0.987708 -0.137392 -0.074541 -0.200200 0.129423 0.986238 -0.102884 19.804701 0.087651 0.091972 0.991896 -3.890100 0.000000 0.000000 0.000000 1.000000
0.989665 -0.124449 -0.071247 -0.200200 0.117390 0.988443 -0.095921 19.804701 0.082361 0.086566 0.992836 -3.890100 0.000000 0.000000 0.000000 1.000000
0.992232 -0.104711 -0.067172 -0.200200 0.098521 0.991088 -0.089660 19.804701 0.075962 0.082346 0.993705 -3.890100 0.000000 0.000000 0.000000 1.000000
0.994851 -0.082370 -0.059055 -0.200200 0.077469 0.993702 -0.080958 19.804701 0.065352 0.075966 0.994966 -3.890100 0.000000 0.000000 0.000000 1.000000
0.997113 -0.059163 -0.047586 -0.200200 0.055800 0.996046 -0.069133 19.804701 0.051488 0.066279 0.996472 -3.890100 0.000000 0.000000 0.000000 1.000000
0.998859 -0.032907 -0.034607 -0.200200 0.030890 0.997880 -0.057286 19.804701 0.036418 0.056152 0.997758 -3.890100 0.000000 0.000000 0.000000 1.000000
0.999758 -0.008136 -0.020461 -0.200200 0.007119 0.998760 -0.049273 19.804701 0.020836 0.049116 0.998576 -3.890100 0.000000 0.000000 0.000000 1.000000
0.999959 0.006902 -0.005840 -0.200200 -0.007165 0.998902 -0.046290 19.804701 0.005514 0.046330 0.998911 -3.890100 0.000000 0.000000 0.000000 1.000000
0.999896 0.011763 0.008363 -0.200200 -0.011362 0.998852 -0.046532 19.804701 -0.008901 0.046432 0.998882 -3.890100 0.000000 0.000000 0.000000 1.000000
0.999722 0.010058 0.021318 -0.200200 -0.009030 0.998818 -0.047761 19.804701 -0.021773 0.047555 0.998631 -3.890100 0.000000 0.000000 0.000000 1.000000
0.999459 0.004768 0.032531 -0.200200 -0.003169 0.998793 -0.049020 19.804701 -0.032726 0.048891 0.998268 -3.890100 0.000000 0.000000 0.000000 1.000000
0.999139 0.000751 0.041486 -0.200200 0.001302 0.998776 -0.049443 19.804701 -0.041472 0.049455 0.997915 -3.890100 0.000000 0.000000 0.000000 1.000000
0.998819 -0.000730 0.048589 -0.200200 0.003057 0.998850 -0.047846 19.804701 -0.048498 0.047938 0.997672 -3.890100 0.000000 0.000000 0.000000 1.000000
0.998586 0.000853 0.053149 -0.200200 0.001500 0.999020 -0.044230 19.804701 -0.053134 0.044247 0.997607 -3.890100 0.000000 0.000000 0.000000 1.000000
0.998591 0.003238 0.052964 -0.200200 -0.001118 0.999199 -0.040003 19.804701 -0.053051 0.039887 0.997795 -3.890100 0.000000 0.000000 0.000000 1.000000
0.998847 0.004673 0.047784 -0.200200 -0.002905 0.999311 -0.036998 19.804701 -0.047924 0.036817 0.998172 -3.890100 0.000000 0.000000 0.000000 1.000000
0.999171 0.005089 0.040399 -0.200200 -0.003603 0.999317 -0.036774 19.804701 -0.040558 0.036598 0.998507 -3.890100 0.000000 0.000000 0.000000 1.000000
0.999407 0.002450 0.034357 -0.200200 -0.001065 0.999188 -0.040288 19.804701 -0.034428 0.040227 0.998597 -3.890100 0.000000 0.000000 0.000000 1.000000
0.999509 -0.003749 0.031116 -0.200200 0.005198 0.998899 -0.046628 19.804701 -0.030907 0.046767 0.998428 -3.890100 0.000000 0.000000 0.000000 1.000000
0.999543 -0.006854 0.029451 -0.200200 0.008398 0.998579 -0.052628 19.804701 -0.029048 0.052851 0.998180 -3.890100 0.000000 0.000000 0.000000 1.000000
0.999597 -0.005849 0.027784 -0.200200 0.007362 0.998479 -0.054640 19.804701 -0.027423 0.054823 0.998119 -3.890100 0.000000 0.000000 0.000000 1.000000
0.999653 -0.004029 0.026036 -0.200200 0.005404 0.998580 -0.052992 19.804701 -0.025785 0.053115 0.998255 -3.890100 0.000000 0.000000 0.000000 1.000000
0.999689 -0.004375 0.024557 -0.200200 0.005627 0.998675 -0.051149 19.804701 -0.024300 0.051272 0.998389 -3.890100 0.000000 0.000000 0.000000 1.000000
0.999704 -0.006657 0.023416 -0.200200 0.007843 0.998671 -0.050931 19.804701 -0.023046 0.051100 0.998428 -3.890100 0.000000 0.000000 0.000000 1.000000
0.999704 -0.008870 0.022672 -0.200200 0.010023 0.998635 -0.051268 19.804701 -0.022186 0.051480 0.998428 -3.890100 0.000000 0.000000 0.000000 1.000000
0.999704 -0.009794 0.022264 -0.200200 0.010917 0.998643 -0.050913 19.804701 -0.021735 0.051141 0.998455 -3.890100 0.000000 0.000000 0.000000 1.000000
0.999714 -0.009728 0.021855 -0.200200 0.010813 0.998687 -0.050075 19.804701 -0.021339 0.050297 0.998506 -3.890100 0.000000 0.000000 0.000000 1.000000
0.999733 -0.009498 0.021052 -0.200200 0.010531 0.998717 -0.049523 19.804701 -0.020555 0.049732 0.998551 -3.890100 0.000000 0.000000 0.000000 1.000000
0.999758 -0.009567 0.019797 -0.200200 0.010539 0.998716 -0.049554 19.804701 -0.019297 0.049751 0.998575 -3.890100 0.000000 0.000000 0.000000 1.000000
0.999781 -0.009889 0.018424 -0.200200 0.010800 0.998689 -0.050028 19.804701 -0.017905 0.050216 0.998578 -3.890100 0.000000 0.000000 0.000000 1.000000
0.999800 -0.010135 0.017248 -0.200200 0.010995 0.998661 -0.050542 19.804701 -0.016713 0.050721 0.998573 -3.890100 0.000000 0.000000 0.000000 1.000000</float_array><technique_common><accessor source="#mixamorig_Spine-Matrix-animation-output-transform-array" count="65" stride="16"><param type="float4x4"/></accessor></technique_common></source><source id="mixamorig_Spine-Interpolations"><Name_array id="mixamorig_Spine-Interpolations-array" count="65">
 LINEAR LINEAR LINEAR LINEAR LINEAR LINEAR LINEAR LINEAR LINEAR LINEAR LINEAR
LINEAR LINEAR LINEAR LINEAR LINEAR LINEAR LINEAR LINEAR LINEAR LINEAR LINEAR LINEAR
LINEAR LINEAR LINEAR LINEAR LINEAR LINEAR LINEAR LINEAR LINEAR LINEAR LINEAR LINEAR
LINEAR LINEAR LINEAR LINEAR LINEAR LINEAR LINEAR LINEAR LINEAR LINEAR LINEAR LINEAR
LINEAR LINEAR LINEAR LINEAR LINEAR LINEAR LINEAR LINEAR LINEAR LINEAR LINEAR LINEAR
LINEAR LINEAR LINEAR LINEAR LINEAR LINEAR</Name_array><technique_common><accessor source="#mixamorig_Spine-Interpolations-array" count="65"><param type="name"/></accessor></technique_common></source><sampler id="mixamorig_Spine-Matrix-animation-transform"><input semantic="INPUT" source="#mixamorig_Spine-Matrix-animation-input"/><input semantic="OUTPUT" source="#mixamorig_Spine-Matrix-animation-output-transform"/><input semantic="INTERPOLATION" source="#mixamorig_Spine-Interpolations"/></sampler><channel source="#mixamorig_Spine-Matrix-animation-transform" target="mixamorig_Spine/matrix"/></animation>
    <animation id="mixamorig_Spine1-anim" name="mixamorig_Spine1"><source id="mixamorig_Spine1-Matrix-animation-input"><float_array id="mixamorig_Spine1-Matrix-animation-input-array" count="65">

0.000000 0.033333 0.066667 0.100000 0.133333 0.166667 0.200000 0.233333 0.266667 0.300000 0.333333 0.366667 0.400000 0.433333 0.466667 0.500000
0.533333 0.566667 0.600000 0.633333 0.666667 0.700000 0.733333 0.766667 0.800000 0.833333 0.866667 0.900000 0.933333 0.966667 1.000000 1.033333
1.066667 1.100000 1.133333 1.166667 1.200000 1.233333 1.266667 1.300000 1.333333 1.366667 1.400000 1.433333 1.466667 1.500000 1.533333 1.566667
1.600000 1.633333 1.666667 1.700000 1.733333 1.766667 1.800000 1.833333 1.866667 1.900000 1.933333 1.966667 2.000000 2.033333 2.066667 2.100000
2.133333</float_array><technique_common><accessor source="#mixamorig_Spine1-Matrix-animation-input-array" count="65"><param name="TIME" type="float"/></accessor></technique_common></source><source id="mixamorig_Spine1-Matrix-animation-output-transform"><float_array id="mixamorig_Spine1-Matrix-animation-output-transform-array" count="1040">

0.999869 -0.014835 0.006543 -0.270400 0.014911 0.999821 -0.011670 23.500299 -0.006368 0.011766 0.999911 -2.360300 0.000000 0.000000 0.000000 1.000000
0.999857 -0.015574 0.006523 -0.270400 0.015651 0.999808 -0.011809 23.500299 -0.006338 0.011910 0.999909 -2.360300 0.000000 0.000000 0.000000 1.000000
0.999838 -0.016813 0.006464 -0.270400 0.016889 0.999786 -0.011927 23.500299 -0.006262 0.012034 0.999908 -2.360300 0.000000 0.000000 0.000000 1.000000
0.999813 -0.018255 0.006366 -0.270400 0.018330 0.999760 -0.011973 23.500299 -0.006146 0.012088 0.999908 -2.360300 0.000000 0.000000 0.000000 1.000000
0.999786 -0.019713 0.006218 -0.270400 0.019786 0.999733 -0.011900 23.500299 -0.005981 0.012020 0.999910 -2.360300 0.000000 0.000000 0.000000 1.000000
0.999761 -0.021022 0.005986 -0.270400 0.021091 0.999709 -0.011739 23.500299 -0.005737 0.011862 0.999913 -2.360300 0.000000 0.000000 0.000000 1.000000
0.999742 -0.021980 0.005648 -0.270400 0.022044 0.999690 -0.011605 23.500299 -0.005391 0.011726 0.999917 -2.360300 0.000000 0.000000 0.000000 1.000000
0.999733 -0.022536 0.005128 -0.270400 0.022595 0.999677 -0.011617 23.500299 -0.004864 0.011730 0.999919 -2.360300 0.000000 0.000000 0.000000 1.000000
0.999734 -0.022665 0.004192 -0.270400 0.022713 0.999673 -0.011743 23.500299 -0.003924 0.011835 0.999922 -2.360300 0.000000 0.000000 0.000000 1.000000
0.999760 -0.021748 0.002505 -0.270400 0.021776 0.999694 -0.011756 23.500299 -0.002249 0.011808 0.999928 -2.360300 0.000000 0.000000 0.000000 1.000000
0.999813 -0.019352 0.000209 -0.270400 0.019353 0.999747 -0.011492 23.500299 0.000014 0.011494 0.999934 -2.360300 0.000000 0.000000 0.000000 1.000000
0.999864 -0.016398 -0.001909 -0.270400 0.016376 0.999807 -0.010854 23.500299 0.002087 0.010821 0.999939 -2.360300 0.000000 0.000000 0.000000 1.000000
0.999889 -0.014641 -0.002831 -0.270400 0.014614 0.999849 -0.009414 23.500299 0.002969 0.009372 0.999952 -2.360300 0.000000 0.000000 0.000000 1.000000
0.999885 -0.015063 -0.001838 -0.270400 0.015050 0.999861 -0.007148 23.500299 0.001946 0.007120 0.999973 -2.360300 0.000000 0.000000 0.000000 1.000000
0.999856 -0.016256 0.004828 -0.270400 0.016277 0.999858 -0.004398 23.500299 -0.004756 0.004476 0.999979 -2.360300 0.000000 0.000000 0.000000 1.000000
0.999191 -0.006514 0.039684 -0.270400 0.006450 0.999978 0.001744 23.500299 -0.039695 -0.001487 0.999211 -2.360300 0.000000 0.000000 0.000000 1.000000
0.995357 0.011218 0.095601 -0.270400 -0.012159 0.999883 0.009262 23.500299 -0.095486 -0.010382 0.995377 -2.360300 0.000000 0.000000 0.000000 1.000000
0.987382 0.026033 0.156204 -0.270400 -0.028897 0.999453 0.016092 23.500299 -0.155699 -0.020403 0.987594 -2.360300 0.000000 0.000000 0.000000 1.000000
0.978821 0.027854 0.202813 -0.270400 -0.033441 0.999148 0.024169 23.500299 -0.201967 -0.030440 0.978919 -2.360300 0.000000 0.000000 0.000000 1.000000
0.973726 0.016736 0.227107 -0.270400 -0.025091 0.999108 0.033953 23.500299 -0.226337 -0.038759 0.973278 -2.360300 0.000000 0.000000 0.000000 1.000000
0.971497 0.002769 0.237035 -0.270400 -0.011978 0.999228 0.037417 23.500299 -0.236749 -0.039189 0.970780 -2.360300 0.000000 0.000000 0.000000 1.000000
0.972343 -0.013198 0.233186 -0.270400 0.005500 0.999419 0.033632 23.500299 -0.233495 -0.031420 0.971850 -2.360300 0.000000 0.000000 0.000000 1.000000
0.975200 -0.032732 0.218892 -0.270400 0.027250 0.999236 0.028014 23.500299 -0.219642 -0.021355 0.975347 -2.360300 0.000000 0.000000 0.000000 1.000000
0.978831 -0.056283 0.196777 -0.270400 0.052666 0.998334 0.023574 23.500299 -0.197776 -0.012711 0.980165 -2.360300 0.000000 0.000000 0.000000 1.000000
0.982659 -0.080997 0.166798 -0.270400 0.078858 0.996697 0.019417 23.500299 -0.167819 -0.005927 0.985800 -2.360300 0.000000 0.000000 0.000000 1.000000
0.986135 -0.103420 0.129777 -0.270400 0.102206 0.994635 0.015998 23.500299 -0.130735 -0.002512 0.991414 -2.360300 0.000000 0.000000 0.000000 1.000000
0.987903 -0.126418 0.089809 -0.270400 0.125431 0.991964 0.016574 23.500299 -0.091182 -0.005108 0.995821 -2.360300 0.000000 0.000000 0.000000 1.000000
0.986378 -0.155558 0.053488 -0.270400 0.154753 0.987772 0.018909 23.500299 -0.055775 -0.010374 0.998389 -2.360300 0.000000 0.000000 0.000000 1.000000
0.982512 -0.184575 0.024539 -0.270400 0.183998 0.982633 0.024005 23.500299 -0.028544 -0.019070 0.999411 -2.360300 0.000000 0.000000 0.000000 1.000000
0.977502 -0.210923 0.001367 -0.270400 0.210804 0.977133 0.027810 23.500299 -0.007201 -0.026896 0.999612 -2.360300 0.000000 0.000000 0.000000 1.000000
0.972607 -0.231846 -0.016835 -0.270400 0.232149 0.972493 0.019072 23.500299 0.011950 -0.022458 0.999676 -2.360300 0.000000 0.000000 0.000000 1.000000
0.970317 -0.240279 -0.027399 -0.270400 0.240651 0.970548 0.011149 23.500299 0.023913 -0.017412 0.999562 -2.360300 0.000000 0.000000 0.000000 1.000000
0.970565 -0.239132 -0.028624 -0.270400 0.239517 0.970832 0.010822 23.500299 0.025201 -0.017359 0.999532 -2.360300 0.000000 0.000000 0.000000 1.000000
0.972295 -0.232288 -0.026160 -0.270400 0.232667 0.972476 0.012476 23.500299 0.022542 -0.018217 0.999580 -2.360300 0.000000 0.000000 0.000000 1.000000
0.975380 -0.219253 -0.023690 -0.270400 0.219578 0.975520 0.012082 23.500299 0.020461 -0.016986 0.999646 -2.360300 0.000000 0.000000 0.000000 1.000000
0.979832 -0.198627 -0.021840 -0.270400 0.198863 0.979984 0.009199 23.500299 0.019576 -0.013357 0.999719 -2.360300 0.000000 0.000000 0.000000 1.000000
0.984972 -0.171570 -0.019872 -0.270400 0.171715 0.985129 0.005865 23.500299 0.018570 -0.009189 0.999785 -2.360300 0.000000 0.000000 0.000000 1.000000
0.989671 -0.142325 -0.017199 -0.270400 0.142397 0.989805 0.003021 23.500299 0.016593 -0.005438 0.999848 -2.360300 0.000000 0.000000 0.000000 1.000000
0.993560 -0.112429 -0.014089 -0.270400 0.112460 0.993655 0.001375 23.500299 0.013845 -0.002951 0.999900 -2.360300 0.000000 0.000000 0.000000 1.000000
0.996606 -0.081572 -0.011069 -0.270400 0.081580 0.996667 0.000207 23.500299 0.011016 -0.001109 0.999939 -2.360300 0.000000 0.000000 0.000000 1.000000
0.998584 -0.052608 -0.007861 -0.270400 0.052601 0.998615 -0.001201 23.500299 0.007914 0.000786 0.999968 -2.360300 0.000000 0.000000 0.000000 1.000000
0.999542 -0.030026 -0.003900 -0.270400 0.030017 0.999547 -0.002362 23.500299 0.003969 0.002244 0.999990 -2.360300 0.000000 0.000000 0.000000 1.000000
0.999870 -0.016127 0.000862 -0.270400 0.016129 0.999867 -0.002226 23.500299 -0.000826 0.002240 0.999997 -2.360300 0.000000 0.000000 0.000000 1.000000
0.999924 -0.010833 0.005902 -0.270400 0.010833 0.999941 -0.000012 23.500299 -0.005902 0.000076 0.999983 -2.360300 0.000000 0.000000 0.000000 1.000000
0.999853 -0.013337 0.010781 -0.270400 0.013298 0.999905 0.003681 23.500299 -0.010829 -0.003537 0.999935 -2.360300 0.000000 0.000000 0.000000 1.000000
0.999779 -0.014876 0.014879 -0.270400 0.014776 0.999867 0.006859 23.500299 -0.014979 -0.006638 0.999866 -2.360300 0.000000 0.000000 0.000000 1.000000
0.999739 -0.013678 0.018284 -0.270400 0.013529 0.999874 0.008258 23.500299 -0.018395 -0.008008 0.999799 -2.360300 0.000000 0.000000 0.000000 1.000000
0.999723 -0.011437 0.020594 -0.270400 0.011267 0.999902 0.008347 23.500299 -0.020687 -0.008113 0.999753 -2.360300 0.000000 0.000000 0.000000 1.000000
0.999737 -0.009474 0.020885 -0.270400 0.009332 0.999933 0.006881 23.500299 -0.020949 -0.006685 0.999758 -2.360300 0.000000 0.000000 0.000000 1.000000
0.999771 -0.010014 0.018931 -0.270400 0.009977 0.999948 0.002035 23.500299 -0.018951 -0.001846 0.999819 -2.360300 0.000000 0.000000 0.000000 1.000000
0.999774 -0.014050 0.015923 -0.270400 0.014166 0.999874 -0.007220 23.500299 -0.015820 0.007444 0.999847 -2.360300 0.000000 0.000000 0.000000 1.000000
0.999719 -0.019503 0.013482 -0.270400 0.019726 0.999666 -0.016669 23.500299 -0.013152 0.016931 0.999770 -2.360300 0.000000 0.000000 0.000000 1.000000
0.999688 -0.021814 0.012145 -0.270400 0.022053 0.999559 -0.019892 23.500299 -0.011706 0.020154 0.999728 -2.360300 0.000000 0.000000 0.000000 1.000000
0.999747 -0.019369 0.011403 -0.270400 0.019554 0.999674 -0.016409 23.500299 -0.011082 0.016628 0.999800 -2.360300 0.000000 0.000000 0.000000 1.000000
0.999812 -0.016169 0.010725 -0.270400 0.016300 0.999791 -0.012300 23.500299 -0.010524 0.012473 0.999867 -2.360300 0.000000 0.000000 0.000000 1.000000
0.999831 -0.015380 0.010050 -0.270400 0.015493 0.999816 -0.011314 23.500299 -0.009874 0.011468 0.999885 -2.360300 0.000000 0.000000 0.000000 1.000000
0.999830 -0.015830 0.009466 -0.270400 0.015945 0.999799 -0.012130 23.500299 -0.009272 0.012278 0.999882 -2.360300 0.000000 0.000000 0.000000 1.000000
0.999834 -0.015810 0.009010 -0.270400 0.015923 0.999794 -0.012618 23.500299 -0.008808 0.012759 0.999880 -2.360300 0.000000 0.000000 0.000000 1.000000
0.999840 -0.015623 0.008707 -0.270400 0.015734 0.999795 -0.012763 23.500299 -0.008506 0.012898 0.999881 -2.360300 0.000000 0.000000 0.000000 1.000000
0.999837 -0.015907 0.008541 -0.270400 0.016019 0.999785 -0.013178 23.500299 -0.008330 0.013312 0.999877 -2.360300 0.000000 0.000000 0.000000 1.000000
0.999833 -0.016260 0.008381 -0.270400 0.016373 0.999773 -0.013643 23.500299 -0.008157 0.013777 0.999872 -2.360300 0.000000 0.000000 0.000000 1.000000
0.999837 -0.016132 0.008068 -0.270400 0.016242 0.999775 -0.013668 23.500299 -0.007845 0.013797 0.999874 -2.360300 0.000000 0.000000 0.000000 1.000000
0.999849 -0.015613 0.007570 -0.270400 0.015712 0.999790 -0.013138 23.500299 -0.007363 0.013255 0.999885 -2.360300 0.000000 0.000000 0.000000 1.000000
0.999861 -0.015103 0.007019 -0.270400 0.015188 0.999809 -0.012334 23.500299 -0.006831 0.012439 0.999899 -2.360300 0.000000 0.000000 0.000000 1.000000
0.999869 -0.014835 0.006543 -0.270400 0.014911 0.999821 -0.011670 23.500299 -0.006369 0.011766 0.999910 -2.360300 0.000000 0.000000 0.000000 1.000000</float_array><technique_common><accessor source="#mixamorig_Spine1-Matrix-animation-output-transform-array" count="65" stride="16"><param type="float4x4"/></accessor></technique_common></source><source id="mixamorig_Spine1-Interpolations"><Name_array id="mixamorig_Spine1-Interpolations-array" count="65">
 LINEAR LINEAR LINEAR LINEAR LINEAR LINEAR LINEAR LINEAR LINEAR LINEAR LINEAR
LINEAR LINEAR LINEAR LINEAR LINEAR LINEAR LINEAR LINEAR LINEAR LINEAR LINEAR LINEAR
LINEAR LINEAR LINEAR LINEAR LINEAR LINEAR LINEAR LINEAR LINEAR LINEAR LINEAR LINEAR
LINEAR LINEAR LINEAR LINEAR LINEAR LINEAR LINEAR LINEAR LINEAR LINEAR LINEAR LINEAR
LINEAR LINEAR LINEAR LINEAR LINEAR LINEAR LINEAR LINEAR LINEAR LINEAR LINEAR LINEAR
LINEAR LINEAR LINEAR LINEAR LINEAR LINEAR</Name_array><technique_common><accessor source="#mixamorig_Spine1-Interpolations-array" count="65"><param type="name"/></accessor></technique_common></source><sampler id="mixamorig_Spine1-Matrix-animation-transform"><input semantic="INPUT" source="#mixamorig_Spine1-Matrix-animation-input"/><input semantic="OUTPUT" source="#mixamorig_Spine1-Matrix-animation-output-transform"/><input semantic="INTERPOLATION" source="#mixamorig_Spine1-Interpolations"/></sampler><channel source="#mixamorig_Spine1-Matrix-animation-transform" target="mixamorig_Spine1/matrix"/></animation>
    <animation id="mixamorig_Spine2-anim" name="mixamorig_Spine2"><source id="mixamorig_Spine2-Matrix-animation-input"><float_array id="mixamorig_Spine2-Matrix-animation-input-array" count="65">

0.000000 0.033333 0.066667 0.100000 0.133333 0.166667 0.200000 0.233333 0.266667 0.300000 0.333333 0.366667 0.400000 0.433333 0.466667 0.500000
0.533333 0.566667 0.600000 0.633333 0.666667 0.700000 0.733333 0.766667 0.800000 0.833333 0.866667 0.900000 0.933333 0.966667 1.000000 1.033333
1.066667 1.100000 1.133333 1.166667 1.200000 1.233333 1.266667 1.300000 1.333333 1.366667 1.400000 1.433333 1.466667 1.500000 1.533333 1.566667
1.600000 1.633333 1.666667 1.700000 1.733333 1.766667 1.800000 1.833333 1.866667 1.900000 1.933333 1.966667 2.000000 2.033333 2.066667 2.100000
2.133333</float_array><technique_common><accessor source="#mixamorig_Spine2-Matrix-animation-input-array" count="65"><param name="TIME" type="float"/></accessor></technique_common></source><source id="mixamorig_Spine2-Matrix-animation-output-transform"><float_array id="mixamorig_Spine2-Matrix-animation-output-transform-array" count="1040">

0.999865 -0.014771 0.007250 -0.109100 0.014854 0.999823 -0.011566 27.807600 -0.007078 0.011672 0.999907 -1.195400 0.000000 0.000000 0.000000 1.000000
0.999853 -0.015511 0.007254 -0.109100 0.015596 0.999810 -0.011702 27.807600 -0.007072 0.011813 0.999905 -1.195400 0.000000 0.000000 0.000000 1.000000
0.999834 -0.016751 0.007226 -0.109100 0.016836 0.999788 -0.011815 27.807600 -0.007026 0.011935 0.999904 -1.195400 0.000000 0.000000 0.000000 1.000000
0.999809 -0.018194 0.007149 -0.109100 0.018278 0.999763 -0.011858 27.807600 -0.006932 0.011987 0.999904 -1.195400 0.000000 0.000000 0.000000 1.000000
0.999782 -0.019655 0.007006 -0.109100 0.019736 0.999736 -0.011783 27.807600 -0.006772 0.011919 0.999906 -1.195400 0.000000 0.000000 0.000000 1.000000
0.999757 -0.020966 0.006763 -0.109100 0.021043 0.999711 -0.011625 27.807600 -0.006517 0.011764 0.999910 -1.195400 0.000000 0.000000 0.000000 1.000000
0.999739 -0.021927 0.006392 -0.109100 0.021999 0.999692 -0.011497 27.807600 -0.006138 0.011635 0.999913 -1.195400 0.000000 0.000000 0.000000 1.000000
0.999730 -0.022488 0.005810 -0.109100 0.022554 0.999679 -0.011523 27.807600 -0.005549 0.011651 0.999917 -1.195400 0.000000 0.000000 0.000000 1.000000
0.999733 -0.022625 0.004772 -0.109100 0.022679 0.999675 -0.011673 27.807600 -0.004506 0.011778 0.999920 -1.195400 0.000000 0.000000 0.000000 1.000000
0.999760 -0.021721 0.002918 -0.109100 0.021754 0.999695 -0.011718 27.807600 -0.002663 0.011778 0.999927 -1.195400 0.000000 0.000000 0.000000 1.000000
0.999813 -0.019342 0.000379 -0.109100 0.019345 0.999747 -0.011475 27.807600 -0.000157 0.011480 0.999934 -1.195400 0.000000 0.000000 0.000000 1.000000
0.999863 -0.016407 -0.002000 -0.109100 0.016385 0.999807 -0.010829 27.807600 0.002177 0.010795 0.999939 -1.195400 0.000000 0.000000 0.000000 1.000000
