<?xml version="1.0" encoding="utf-8"?>
<COLLADA xmlns="http://www.collada.org/2005/11/COLLADASchema" version="1.4.1">
  <asset><contributor><author>Mixamo</author><authoring_tool>COLLADA Mixamo exporter</authoring_tool><comments></comments></contributor><created>2018-10-17T20:29:22Z</created><modified>2018-10-17T20:29:22Z</modified><revision></revision><title></title><unit meter="0.010000"/><up_axis>Y_UP</up_axis></asset>
  <library_animations>
    <animation id="mixamorig_Hips-anim" name="mixamorig_Hips"><source id="mixamorig_Hips-Matrix-animation-input"><float_array id="mixamorig_Hips-Matrix-animation-input-array" count="21">

0.000000 0.033333 0.066667 0.100000 0.133333 0.166667 0.200000 0.233333 0.266667 0.300000 0.333333 0.366667 0.400000 0.433333 0.466667 0.500000
0.533333 0.566667 0.600000 0.633333 0.666667</float_array><technique_common><accessor source="#mixamorig_Hips-Matrix-animation-input-array" count="21"><param name="TIME" type="float"/></accessor></technique_common></source><source id="mixamorig_Hips-Matrix-animation-output-transform"><float_array id="mixamorig_Hips-Matrix-animation-output-transform-array" count="336">

0.161003 -0.339340 -0.926783 -0.494321 -0.022794 0.937504 -0.347226 186.396561 0.986691 0.077030 0.143206 0.314154 0.000000 0.000000 0.000000 1.000000
0.141643 -0.353169 -0.924775 -30.535746 0.010244 0.934667 -0.355378 186.748840 0.989865 0.040863 0.136007 0.371307 0.000000 0.000000 0.000000 1.000000
0.126386 -0.363128 -0.923128 -60.521622 0.062604 0.931655 -0.357911 188.871872 0.990004 -0.012557 0.140481 0.410840 0.000000 0.000000 0.000000 1.000000
0.128433 -0.366969 -0.921324 -90.864540 0.110612 0.928522 -0.354416 191.509369 0.985530 -0.056391 0.159844 0.283073 0.000000 0.000000 0.000000 1.000000
0.153437 -0.361517 -0.919654 -122.103149 0.125759 0.930251 -0.344700 193.206482 0.980123 -0.062765 0.188199 0.075764 0.000000 0.000000 0.000000 1.000000
0.194960 -0.342669 -0.919004 -155.137451 0.098354 0.939091 -0.329294 193.625320 0.975867 -0.026189 0.216789 0.005504 0.000000 0.000000 0.000000 1.000000
0.240240 -0.313204 -0.918797 -189.221100 0.060961 0.949517 -0.307736 193.424500 0.968797 0.017919 0.247205 0.169547 0.000000 0.000000 0.000000 1.000000
0.270242 -0.289521 -0.918230 -221.652893 0.048421 0.956596 -0.287367 192.525421 0.961574 0.033197 0.272531 0.557293 0.000000 0.000000 0.000000 1.000000
0.275829 -0.290946 -0.916116 -251.216110 0.064860 0.956551 -0.284259 190.659241 0.959016 0.018988 0.282715 1.169043 0.000000 0.000000 0.000000 1.000000
0.271880 -0.316811 -0.908687 -279.197083 0.097335 0.948467 -0.301557 188.100952 0.957396 -0.006459 0.288706 1.937590 0.000000 0.000000 0.000000 1.000000
0.273367 -0.340695 -0.899554 -307.277313 0.122651 0.939888 -0.318698 186.153809 0.954058 -0.023210 0.298721 2.780442 0.000000 0.000000 0.000000 1.000000
0.279147 -0.342649 -0.897033 -335.812317 0.120966 0.939274 -0.321141 185.547775 0.952599 -0.018865 0.303645 3.298275 0.000000 0.000000 0.000000 1.000000
0.281862 -0.329819 -0.900985 -364.229218 0.083083 0.943922 -0.319545 186.486069 0.955851 0.015211 0.293458 3.176265 0.000000 0.000000 0.000000 1.000000
0.276589 -0.321185 -0.905725 -392.384308 0.021835 0.944351 -0.328215 188.600525 0.960740 0.071004 0.268210 2.501388 0.000000 0.000000 0.000000 1.000000
0.260961 -0.327511 -0.908095 -420.626892 -0.024780 0.938108 -0.345457 191.076187 0.965031 0.112653 0.236693 1.630053 0.000000 0.000000 0.000000 1.000000
0.239165 -0.341608 -0.908902 -449.489929 -0.031699 0.932822 -0.358940 192.743729 0.970461 0.114657 0.212270 1.077796 0.000000 0.000000 0.000000 1.000000
0.216604 -0.347715 -0.912237 -479.376678 -0.013991 0.933219 -0.359035 193.067825 0.976159 0.090531 0.197274 0.968421 0.000000 0.000000 0.000000 1.000000
0.193212 -0.340834 -0.920055 -509.956360 -0.002901 0.937522 -0.347913 191.924026 0.981153 0.069890 0.180152 0.914528 0.000000 0.000000 0.000000 1.000000
0.173649 -0.331582 -0.927308 -539.807129 -0.009366 0.941015 -0.338237 189.814651 0.984763 0.067420 0.160301 0.668973 0.000000 0.000000 0.000000 1.000000
0.163017 -0.331190 -0.929375 -567.830078 -0.020846 0.940609 -0.338850 187.803925 0.986403 0.074612 0.146432 0.390901 0.000000 0.000000 0.000000 1.000000
0.161003 -0.339340 -0.926783 -594.844177 -0.022795 0.937504 -0.347226 186.396561 0.986691 0.077030 0.143206 0.314162 0.000000 0.000000 0.000000 1.000000</float_array><technique_common><accessor source="#mixamorig_Hips-Matrix-animation-output-transform-array" count="21" stride="16"><param type="float4x4"/></accessor></technique_common></source><source id="mixamorig_Hips-Interpolations"><Name_array id="mixamorig_Hips-Interpolations-array" count="21">
 LINEAR LINEAR LINEAR LINEAR LINEAR LINEAR LINEAR LINEAR LINEAR LINEAR LINEAR
LINEAR LINEAR LINEAR LINEAR LINEAR LINEAR LINEAR LINEAR LINEAR LINEAR</Name_array><technique_common><accessor source="#mixamorig_Hips-Interpolations-array" count="21"><param type="name"/></accessor></technique_common></source><sampler id="mixamorig_Hips-Matrix-animation-transform"><input semantic="INPUT" source="#mixamorig_Hips-Matrix-animation-input"/><input semantic="OUTPUT" source="#mixamorig_Hips-Matrix-animation-output-transform"/><input semantic="INTERPOLATION" source="#mixamorig_Hips-Interpolations"/></sampler><channel source="#mixamorig_Hips-Matrix-animation-transform" target="mixamorig_Hips/matrix"/></animation>
    <animation id="mixamorig_Spine-anim" name="mixamorig_Spine"><source id="mixamorig_Spine-Matrix-animation-input"><float_array id="mixamorig_Spine-Matrix-animation-input-array" count="21">

0.000000 0.033333 0.066667 0.100000 0.133333 0.166667 0.200000 0.233333 0.266667 0.300000 0.333333 0.366667 0.400000 0.433333 0.466667 0.500000
0.533333 0.566667 0.600000 0.633333 0.666667</float_array><technique_common><accessor source="#mixamorig_Spine-Matrix-animation-input-array" count="21"><param name="TIME" type="float"/></accessor></technique_common></source><source id="mixamorig_Spine-Matrix-animation-output-transform"><float_array id="mixamorig_Spine-Matrix-animation-output-transform-array" count="336">

0.983253 0.040348 0.177725 -0.200200 -0.012571 0.987877 -0.154726 19.804701 -0.181813 0.149900 0.971840 -3.890100 0.000000 0.000000 0.000000 1.000000
0.973448 0.086615 0.211888 -0.200200 -0.052095 0.985186 -0.163388 19.804701 -0.222901 0.148011 0.963539 -3.890100 0.000000 0.000000 0.000000 1.000000
0.957758 0.151001 0.244741 -0.200200 -0.110521 0.978965 -0.171499 19.804701 -0.265490 0.137205 0.954301 -3.890100 0.000000 0.000000 0.000000 1.000000
0.938792 0.204149 0.277475 -0.200200 -0.158791 0.971254 -0.177345 19.804701 -0.305703 0.122430 0.944223 -3.890100 0.000000 0.000000 0.000000 1.000000
0.926175 0.218919 0.307041 -0.200200 -0.171036 0.969535 -0.175352 19.804701 -0.336075 0.109891 0.935402 -3.890100 0.000000 0.000000 0.000000 1.000000
0.925692 0.190225 0.326968 -0.200200 -0.143723 0.976407 -0.161159 19.804701 -0.349911 0.102190 0.931193 -3.890100 0.000000 0.000000 0.000000 1.000000
0.935375 0.147669 0.321354 -0.200200 -0.105754 0.983869 -0.144284 19.804701 -0.337476 0.100975 0.935903 -3.890100 0.000000 0.000000 0.000000 1.000000
0.950755 0.124558 0.283813 -0.200200 -0.087950 0.986476 -0.138312 19.804701 -0.297202 0.106539 0.948852 -3.890100 0.000000 0.000000 0.000000 1.000000
0.966018 0.125506 0.225960 -0.200200 -0.094485 0.985165 -0.143258 19.804701 -0.240588 0.117040 0.963545 -3.890100 0.000000 0.000000 0.000000 1.000000
0.976486 0.136301 0.167026 -0.200200 -0.110993 0.982051 -0.152501 19.804701 -0.184814 0.130377 0.974087 -3.890100 0.000000 0.000000 0.000000 1.000000
0.982342 0.138188 0.126129 -0.200200 -0.117251 0.980039 -0.160546 19.804701 -0.145797 0.142922 0.978936 -3.890100 0.000000 0.000000 0.000000 1.000000
0.987304 0.119963 0.104112 -0.200200 -0.102239 0.981568 -0.161467 19.804701 -0.121563 0.148773 0.981371 -3.890100 0.000000 0.000000 0.000000 1.000000
0.993085 0.077336 0.088322 -0.200200 -0.063499 0.986652 -0.149953 19.804701 -0.098740 0.143308 0.984740 -3.890100 0.000000 0.000000 0.000000 1.000000
0.997459 0.020942 0.068100 -0.200200 -0.011899 0.991366 -0.130581 19.804701 -0.070247 0.129439 0.989096 -3.890100 0.000000 0.000000 0.000000 1.000000
0.998930 -0.019575 0.041906 -0.200200 0.024328 0.992940 -0.116100 19.804701 -0.039338 0.116995 0.992353 -3.890100 0.000000 0.000000 0.000000 1.000000
0.999536 -0.024240 0.018434 -0.200200 0.026171 0.993255 -0.112956 19.804701 -0.015572 0.113386 0.993429 -3.890100 0.000000 0.000000 0.000000 1.000000
0.999924 -0.001664 0.012179 -0.200200 0.003080 0.993104 -0.117195 19.804701 -0.011900 0.117224 0.993034 -3.890100 0.000000 0.000000 0.000000 1.000000
0.999141 0.023899 0.033847 -0.200200 -0.019520 0.992059 -0.124252 19.804701 -0.036548 0.123485 0.991673 -3.890100 0.000000 0.000000 0.000000 1.000000
0.996302 0.034318 0.078766 -0.200200 -0.023640 0.990875 -0.132695 19.804701 -0.082601 0.130343 0.988022 -3.890100 0.000000 0.000000 0.000000 1.000000
0.990670 0.034061 0.131961 -0.200200 -0.015071 0.989707 -0.142312 19.804701 -0.135450 0.138995 0.980986 -3.890100 0.000000 0.000000 0.000000 1.000000
0.983253 0.040348 0.177725 -0.200200 -0.012570 0.987877 -0.154726 19.804701 -0.181813 0.149901 0.971840 -3.890100 0.000000 0.000000 0.000000 1.000000</float_array><technique_common><accessor source="#mixamorig_Spine-Matrix-animation-output-transform-array" count="21" stride="16"><param type="float4x4"/></accessor></technique_common></source><source id="mixamorig_Spine-Interpolations"><Name_array id="mixamorig_Spine-Interpolations-array" count="21">
 LINEAR LINEAR LINEAR LINEAR LINEAR LINEAR LINEAR LINEAR LINEAR LINEAR LINEAR
LINEAR LINEAR LINEAR LINEAR LINEAR LINEAR LINEAR LINEAR LINEAR LINEAR</Name_array><technique_common><accessor source="#mixamorig_Spine-Interpolations-array" count="21"><param type="name"/></accessor></technique_common></source><sampler id="mixamorig_Spine-Matrix-animation-transform"><input semantic="INPUT" source="#mixamorig_Spine-Matrix-animation-input"/><input semantic="OUTPUT" source="#mixamorig_Spine-Matrix-animation-output-transform"/><input semantic="INTERPOLATION" source="#mixamorig_Spine-Interpolations"/></sampler><channel source="#mixamorig_Spine-Matrix-animation-transform" target="mixamorig_Spine/matrix"/></animation>
    <animation id="mixamorig_Spine1-anim" name="mixamorig_Spine1"><source id="mixamorig_Spine1-Matrix-animation-input"><float_array id="mixamorig_Spine1-Matrix-animation-input-array" count="21">

0.000000 0.033333 0.066667 0.100000 0.133333 0.166667 0.200000 0.233333 0.266667 0.300000 0.333333 0.366667 0.400000 0.433333 0.466667 0.500000
0.533333 0.566667 0.600000 0.633333 0.666667</float_array><technique_common><accessor source="#mixamorig_Spine1-Matrix-animation-input-array" count="21"><param name="TIME" type="float"/></accessor></technique_common></source><source id="mixamorig_Spine1-Matrix-animation-output-transform"><float_array id="mixamorig_Spine1-Matrix-animation-output-transform-array" count="336">

0.997047 0.023389 0.073146 -0.270400 -0.018892 0.997923 -0.061580 23.500299 -0.074434 0.060016 0.995418 -2.360300 0.000000 0.000000 0.000000 1.000000
0.995082 0.036346 0.092147 -0.270400 -0.030669 0.997586 -0.062298 23.500299 -0.094189 0.059165 0.993795 -2.360300 0.000000 0.000000 0.000000 1.000000
0.992561 0.050543 0.110758 -0.270400 -0.043938 0.997153 -0.061281 23.500299 -0.113540 0.055958 0.991956 -2.360300 0.000000 0.000000 0.000000 1.000000
0.990176 0.060724 0.125954 -0.270400 -0.053595 0.996804 -0.059239 23.500299 -0.129148 0.051907 0.990266 -2.360300 0.000000 0.000000 0.000000 1.000000
0.988807 0.063250 0.135133 -0.270400 -0.056137 0.996862 -0.055818 23.500299 -0.138239 0.047607 0.989254 -2.360300 0.000000 0.000000 0.000000 1.000000
0.988696 0.059614 0.137575 -0.270400 -0.053018 0.997284 -0.051127 23.500299 -0.140249 0.043255 0.989171 -2.360300 0.000000 0.000000 0.000000 1.000000
0.989580 0.054787 0.133155 -0.270400 -0.048873 0.997685 -0.047286 23.500299 -0.135437 0.040285 0.989967 -2.360300 0.000000 0.000000 0.000000 1.000000
0.991305 0.052144 0.120815 -0.270400 -0.046791 0.997811 -0.046734 23.500299 -0.122988 0.040674 0.991574 -2.360300 0.000000 0.000000 0.000000 1.000000
0.993574 0.051246 0.100919 -0.270400 -0.046426 0.997692 -0.049543 23.500299 -0.103225 0.044540 0.993660 -2.360300 0.000000 0.000000 0.000000 1.000000
0.995647 0.050045 0.078629 -0.270400 -0.045885 0.997494 -0.053848 23.500299 -0.081126 0.050006 0.995449 -2.360300 0.000000 0.000000 0.000000 1.000000
0.997034 0.047162 0.060811 -0.270400 -0.043665 0.997384 -0.057608 23.500299 -0.063369 0.054781 0.996486 -2.360300 0.000000 0.000000 0.000000 1.000000
0.997964 0.041122 0.048745 -0.270400 -0.038231 0.997536 -0.058823 23.500299 -0.051044 0.056839 0.997078 -2.360300 0.000000 0.000000 0.000000 1.000000
0.998809 0.030078 0.038426 -0.270400 -0.027881 0.998014 -0.056482 23.500299 -0.040048 0.055344 0.997664 -2.360300 0.000000 0.000000 0.000000 1.000000
0.999508 0.015656 0.027166 -0.270400 -0.014222 0.998535 -0.052214 23.500299 -0.027944 0.051802 0.998266 -2.360300 0.000000 0.000000 0.000000 1.000000
0.999859 0.004585 0.016143 -0.270400 -0.003792 0.998800 -0.048831 23.500299 -0.016347 0.048763 0.998677 -2.360300 0.000000 0.000000 0.000000 1.000000
0.999955 0.002558 0.009090 -0.270400 -0.002124 0.998872 -0.047443 23.500299 -0.009202 0.047421 0.998833 -2.360300 0.000000 0.000000 0.000000 1.000000
0.999919 0.007889 0.009973 -0.270400 -0.007406 0.998844 -0.047491 23.500299 -0.010336 0.047413 0.998822 -2.360300 0.000000 0.000000 0.000000 1.000000
0.999701 0.013992 0.020032 -0.270400 -0.013002 0.998728 -0.048723 23.500299 -0.020689 0.048448 0.998611 -2.360300 0.000000 0.000000 0.000000 1.000000
0.999186 0.017085 0.036536 -0.270400 -0.015188 0.998553 -0.051589 23.500299 -0.037364 0.050992 0.998000 -2.360300 0.000000 0.000000 0.000000 1.000000
0.998297 0.018948 0.055166 -0.270400 -0.015847 0.998298 -0.056132 23.500299 -0.056136 0.055162 0.996898 -2.360300 0.000000 0.000000 0.000000 1.000000
0.997047 0.023389 0.073146 -0.270400 -0.018892 0.997923 -0.061580 23.500299 -0.074435 0.060016 0.995418 -2.360300 0.000000 0.000000 0.000000 1.000000</float_array><technique_common><accessor source="#mixamorig_Spine1-Matrix-animation-output-transform-array" count="21" stride="16"><param type="float4x4"/></accessor></technique_common></source><source id="mixamorig_Spine1-Interpolations"><Name_array id="mixamorig_Spine1-Interpolations-array" count="21">
 LINEAR LINEAR LINEAR LINEAR LINEAR LINEAR LINEAR LINEAR LINEAR LINEAR LINEAR
LINEAR LINEAR LINEAR LINEAR LINEAR LINEAR LINEAR LINEAR LINEAR LINEAR</Name_array><technique_common><accessor source="#mixamorig_Spine1-Interpolations-array" count="21"><param type="name"/></accessor></technique_common></source><sampler id="mixamorig_Spine1-Matrix-animation-transform"><input semantic="INPUT" source="#mixamorig_Spine1-Matrix-animation-input"/><input semantic="OUTPUT" source="#mixamorig_Spine1-Matrix-animation-output-transform"/><input semantic="INTERPOLATION" source="#mixamorig_Spine1-Interpolations"/></sampler><channel source="#mixamorig_Spine1-Matrix-animation-transform" target="mixamorig_Spine1/matrix"/></animation>
    <animation id="mixamorig_Spine2-anim" name="mixamorig_Spine2"><source id="mixamorig_Spine2-Matrix-animation-input"><float_array id="mixamorig_Spine2-Matrix-animation-input-array" count="21">

0.000000 0.033333 0.066667 0.100000 0.133333 0.166667 0.200000 0.233333 0.266667 0.300000 0.333333 0.366667 0.400000 0.433333 0.466667 0.500000
0.533333 0.566667 0.600000 0.633333 0.666667</float_array><technique_common><accessor source="#mixamorig_Spine2-Matrix-animation-input-array" count="21"><param name="TIME" type="float"/></accessor></technique_common></source><source id="mixamorig_Spine2-Matrix-animation-output-transform"><float_array id="mixamorig_Spine2-Matrix-animation-output-transform-array" count="336">

0.997042 0.024261 0.072929 -0.109100 -0.019784 0.997911 -0.061497 27.807600 -0.074268 0.059872 0.995439 -1.195400 0.000000 0.000000 0.000000 1.000000
0.995073 0.037524 0.091766 -0.109100 -0.031883 0.997555 -0.062184 27.807600 -0.093875 0.058952 0.993837 -1.195400 0.000000 0.000000 0.000000 1.000000
0.992538 0.051852 0.110359 -0.109100 -0.045323 0.997116 -0.060878 27.807600 -0.113197 0.055422 0.992026 -1.195400 0.000000 0.000000 0.000000 1.000000
0.990132 0.062113 0.125618 -0.109100 -0.055113 0.996768 -0.058451 27.807600 -0.128842 0.050951 0.990355 -1.195400 0.000000 0.000000 0.000000 1.000000
0.988750 0.064870 0.134778 -0.109100 -0.057922 0.996813 -0.054853 27.807600 -0.137907 0.046430 0.989356 -1.195400 0.000000 0.000000 0.000000 1.000000
0.988647 0.061660 0.137025 -0.109100 -0.055214 0.997204 -0.050358 27.807600 -0.139747 0.042221 0.989287 -1.195400 0.000000 0.000000 0.000000 1.000000
0.989551 0.057182 0.132361 -0.109100 -0.051373 0.997578 -0.046896 27.807600 -0.134722 0.039606 0.990092 -1.195400 0.000000 0.000000 0.000000 1.000000
0.991285 0.054468 0.119944 -0.109100 -0.049185 0.997703 -0.046578 27.807600 -0.122205 0.040273 0.991687 -1.195400 0.000000 0.000000 0.000000 1.000000
0.993552 0.053062 0.100194 -0.109100 -0.048300 0.997612 -0.049368 27.807600 -0.102574 0.044210 0.993742 -1.195400 0.000000 0.000000 0.000000 1.000000
0.995624 0.051261 0.078130 -0.109100 -0.047153 0.997452 -0.053544 27.807600 -0.080675 0.049625 0.995504 -1.195400 0.000000 0.000000 0.000000 1.000000
0.997015 0.048009 0.060474 -0.109100 -0.044554 0.997366 -0.057240 27.807600 -0.063063 0.054374 0.996527 -1.195400 0.000000 0.000000 0.000000 1.000000
0.997946 0.041804 0.048541 -0.109100 -0.038941 0.997528 -0.058487 27.807600 -0.050866 0.056477 0.997107 -1.195400 0.000000 0.000000 0.000000 1.000000
0.998793 0.030594 0.038430 -0.109100 -0.028408 0.998015 -0.056199 27.807600 -0.040073 0.055040 0.997680 -1.195400 0.000000 0.000000 0.000000 1.000000
0.999496 0.015951 0.027430 -0.109100 -0.014510 0.998543 -0.051980 27.807600 -0.028219 0.051555 0.998271 -1.195400 0.000000 0.000000 0.000000 1.000000
0.999852 0.004711 0.016568 -0.109100 -0.003899 0.998808 -0.048659 27.807600 -0.016778 0.048587 0.998678 -1.195400 0.000000 0.000000 0.000000 1.000000
0.999951 0.002640 0.009497 -0.109100 -0.002188 0.998877 -0.047325 27.807600 -0.009611 0.047302 0.998834 -1.195400 0.000000 0.000000 0.000000 1.000000
0.999915 0.008021 0.010242 -0.109100 -0.007527 0.998848 -0.047389 27.807600 -0.010610 0.047308 0.998824 -1.195400 0.000000 0.000000 0.000000 1.000000
0.999696 0.014213 0.020160 -0.109100 -0.013219 0.998731 -0.048596 27.807600 -0.020825 0.048315 0.998615 -1.195400 0.000000 0.000000 0.000000 1.000000
0.999179 0.017434 0.036562 -0.109100 -0.015541 0.998556 -0.051427 27.807600 -0.037406 0.050816 0.998007 -1.195400 0.000000 0.000000 0.000000 1.000000
0.998291 0.019508 0.055093 -0.109100 -0.016418 0.998297 -0.055978 27.807600 -0.056092 0.054978 0.996911 -1.195400 0.000000 0.000000 0.000000 1.000000
0.997042 0.024261 0.072929 -0.109100 -0.019784 0.997911 -0.061497 27.807600 -0.074268 0.059872 0.995439 -1.195400 0.000000 0.000000 0.000000 1.000000</float_array><technique_common><accessor source="#mixamorig_Spine2-Matrix-animation-output-transform-array" count="21" stride="16"><param type="float4x4"/></accessor></technique_common></source><source id="mixamorig_Spine2-Interpolations"><Name_array id="mixamorig_Spine2-Interpolations-array" count="21">
 LINEAR LINEAR LINEAR LINEAR LINEAR LINEAR LINEAR LINEAR LINEAR LINEAR LINEAR
LINEAR LINEAR LINEAR LINEAR LINEAR LINEAR LINEAR LINEAR LINEAR LINEAR</Name_array><technique_common><accessor source="#mixamorig_Spine2-Interpolations-array" count="21"><param type="name"/></accessor></technique_common></source><sampler id="mixamorig_Spine2-Matrix-animation-transform"><input semantic="INPUT" source="#mixamorig_Spine2-Matrix-animation-input"/><input semantic="OUTPUT" source="#mixamorig_Spine2-Matrix-animation-output-transform"/><input semantic="INTERPOLATION" source="#mixamorig_Spine2-Interpolations"/></sampler><channel source="#mixamorig_Spine2-Matrix-animation-transform" target="mixamorig_Spine2/matrix"/></animation>
    <animation id="mixamorig_Neck-anim" name="mixamorig_Neck"><source id="mixamorig_Neck-Matrix-animation-input"><float_array id="mixamorig_Neck-Matrix-animation-input-array" count="21">

0.000000 0.033333 0.066667 0.100000 0.133333 0.166667 0.200000 0.233333 0.266667 0.300000 0.333333 0.366667 0.400000 0.433333 0.466667 0.500000
0.533333 0.566667 0.600000 0.633333 0.666667</float_array><technique_common><accessor source="#mixamorig_Neck-Matrix-animation-input-array" count="21"><param name="TIME" type="float"/></accessor></technique_common></source><source id="mixamorig_Neck-Matrix-animation-output-transform"><float_array id="mixamorig_Neck-Matrix-animation-output-transform-array" count="336">

0.991883 -0.029422 0.123702 0.573000 0.024232 0.998770 0.043252 31.061899 -0.124823 -0.039903 0.991376 3.761700 0.000000 0.000000 0.000000 1.000000
0.993269 -0.042848 0.107617 0.573000 0.038410 0.998337 0.042985 31.061899 -0.109280 -0.038562 0.993263 3.761700 0.000000 0.000000 0.000000 1.000000
0.994454 -0.055699 0.089207 0.573000 0.053004 0.998072 0.032300 31.061899 -0.090834 -0.027393 0.995489 3.761700 0.000000 0.000000 0.000000 1.000000
0.995462 -0.063036 0.071287 0.573000 0.062151 0.997960 0.014577 31.061899 -0.072061 -0.010080 0.997349 3.761700 0.000000 0.000000 0.000000 1.000000
0.996223 -0.064967 0.057605 0.573000 0.065313 0.997856 -0.004140 31.061899 -0.057212 0.007887 0.998331 3.761700 0.000000 0.000000 0.000000 1.000000
0.996443 -0.066950 0.051184 0.573000 0.067914 0.997541 -0.017313 31.061899 -0.049899 0.020727 0.998539 3.761700 0.000000 0.000000 0.000000 1.000000
0.996000 -0.070891 0.054389 0.573000 0.072055 0.997205 -0.019739 31.061899 -0.052837 0.023579 0.998325 3.761700 0.000000 0.000000 0.000000 1.000000
0.995168 -0.070248 0.068598 0.573000 0.071095 0.997420 -0.009975 31.061899 -0.067720 0.014804 0.997595 3.761700 0.000000 0.000000 0.000000 1.000000
0.994135 -0.059428 0.090356 0.573000 0.059108 0.998232 0.006211 31.061899 -0.090566 -0.000834 0.995890 3.761700 0.000000 0.000000 0.000000 1.000000
0.992912 -0.044562 0.110185 0.573000 0.042739 0.998908 0.018858 31.061899 -0.110905 -0.014015 0.993732 3.761700 0.000000 0.000000 0.000000 1.000000
0.991942 -0.036871 0.121208 0.573000 0.034387 0.999155 0.022523 31.061899 -0.121936 -0.018173 0.992372 3.761700 0.000000 0.000000 0.000000 1.000000
0.991155 -0.036657 0.127548 0.573000 0.034490 0.999221 0.019158 31.061899 -0.128151 -0.014590 0.991647 3.761700 0.000000 0.000000 0.000000 1.000000
0.989868 -0.034202 0.137813 0.573000 0.032461 0.999363 0.014861 31.061899 -0.138234 -0.010237 0.990347 3.761700 0.000000 0.000000 0.000000 1.000000
0.987765 -0.025111 0.153912 0.573000 0.022917 0.999609 0.016013 31.061899 -0.154254 -0.012290 0.987955 3.761700 0.000000 0.000000 0.000000 1.000000
0.985230 -0.014774 0.170597 0.573000 0.010721 0.999639 0.024656 31.061899 -0.170900 -0.022463 0.985032 3.761700 0.000000 0.000000 0.000000 1.000000
0.983453 -0.009645 0.180906 0.573000 0.003317 0.999373 0.035249 31.061899 -0.181132 -0.034066 0.982869 3.761700 0.000000 0.000000 0.000000 1.000000
0.983509 -0.010488 0.180554 0.573000 0.003444 0.999222 0.039282 31.061899 -0.180825 -0.038012 0.982780 3.761700 0.000000 0.000000 0.000000 1.000000
0.985314 -0.014219 0.170161 0.573000 0.008339 0.999345 0.035220 31.061899 -0.170551 -0.033284 0.984787 3.761700 0.000000 0.000000 0.000000 1.000000
0.987838 -0.018534 0.154380 0.573000 0.013954 0.999431 0.030698 31.061899 -0.154862 -0.028171 0.987534 3.761700 0.000000 0.000000 0.000000 1.000000
0.990142 -0.023298 0.138115 0.573000 0.018884 0.999271 0.033187 31.061899 -0.138788 -0.030252 0.989860 3.761700 0.000000 0.000000 0.000000 1.000000
0.991883 -0.029422 0.123702 0.573000 0.024232 0.998770 0.043252 31.061899 -0.124823 -0.039903 0.991376 3.761700 0.000000 0.000000 0.000000 1.000000</float_array><technique_common><accessor source="#mixamorig_Neck-Matrix-animation-output-transform-array" count="21" stride="16"><param type="float4x4"/></accessor></technique_common></source><source id="mixamorig_Neck-Interpolations"><Name_array id="mixamorig_Neck-Interpolations-array" count="21">
 LINEAR LINEAR LINEAR LINEAR LINEAR LINEAR LINEAR LINEAR LINEAR LINEAR LINEAR
LINEAR LINEAR LINEAR LINEAR LINEAR LINEAR LINEAR LINEAR LINEAR LINEAR</Name_array><technique_common><accessor source="#mixamorig_Neck-Interpolations-array" count="21"><param type="name"/></accessor></technique_common></source><sampler id="mixamorig_Neck-Matrix-animation-transform"><input semantic="INPUT" source="#mixamorig_Neck-Matrix-animation-input"/><input semantic="OUTPUT" source="#mixamorig_Neck-Matrix-animation-output-transform"/><input semantic="INTERPOLATION" source="#mixamorig_Neck-Interpolations"/></sampler><channel source="#mixamorig_Neck-Matrix-animation-transform" target="mixamorig_Neck/matrix"/></animation>
    <animation id="mixamorig_Head-anim" name="mixamorig_Head"><source id="mixamorig_Head-Matrix-animation-input"><float_array id="mixamorig_Head-Matrix-animation-input-array" count="21">

0.000000 0.033333 0.066667 0.100000 0.133333 0.166667 0.200000 0.233333 0.266667 0.300000 0.333333 0.366667 0.400000 0.433333 0.466667 0.500000
0.533333 0.566667 0.600000 0.633333 0.666667</float_array><technique_common><accessor source="#mixamorig_Head-Matrix-animation-input-array" count="21"><param name="TIME" type="float"/></accessor></technique_common></source><source id="mixamorig_Head-Matrix-animation-output-transform"><float_array id="mixamorig_Head-Matrix-animation-output-transform-array" count="336">

0.619056 0.210529 0.756602 1.041900 -0.500839 0.847900 0.173856 22.231001 -0.604921 -0.486563 0.630339 6.513500 0.000000 0.000000 0.000000 1.000000
0.653466 0.211300 0.726867 1.041900 -0.484532 0.854509 0.187197 22.231001 -0.581560 -0.474517 0.660774 6.513500 0.000000 0.000000 0.000000 1.000000
0.693850 0.210093 0.688791 1.041900 -0.458589 0.866378 0.197697 22.231001 -0.555219 -0.453044 0.697483 6.513500 0.000000 0.000000 0.000000 1.000000
0.731953 0.214678 0.646651 1.041900 -0.434870 0.877816 0.200814 22.231001 -0.524531 -0.428196 0.735878 6.513500 0.000000 0.000000 0.000000 1.000000
0.758916 0.226894 0.610381 1.041900 -0.419949 0.886906 0.192458 22.231001 -0.497683 -0.402388 0.768372 6.513500 0.000000 0.000000 0.000000 1.000000
0.770376 0.237737 0.591610 1.041900 -0.409641 0.895590 0.173531 22.231001 -0.488585 -0.376032 0.787327 6.513500 0.000000 0.000000 0.000000 1.000000
0.765475 0.235312 0.598896 1.041900 -0.398394 0.904205 0.153933 22.231001 -0.505303 -0.356428 0.785893 6.513500 0.000000 0.000000 0.000000 1.000000
0.743310 0.217868 0.632475 1.041900 -0.392355 0.907761 0.148416 22.231001 -0.541801 -0.358474 0.760229 6.513500 0.000000 0.000000 0.000000 1.000000
0.708127 0.196194 0.678281 1.041900 -0.404975 0.899765 0.162536 22.231001 -0.578405 -0.389783 0.716601 6.513500 0.000000 0.000000 0.000000 1.000000
0.674939 0.182396 0.714975 1.041900 -0.435689 0.880530 0.186661 22.231001 -0.595510 -0.437492 0.673772 6.513500 0.000000 0.000000 0.000000 1.000000
0.655845 0.179129 0.733334 1.041900 -0.463480 0.862337 0.203866 22.231001 -0.595863 -0.473590 0.648583 6.513500 0.000000 0.000000 0.000000 1.000000
0.640933 0.181485 0.745834 1.041900 -0.471323 0.859957 0.195776 22.231001 -0.605855 -0.477008 0.636713 6.513500 0.000000 0.000000 0.000000 1.000000
0.609545 0.187922 0.770156 1.041900 -0.465277 0.871377 0.155626 22.231001 -0.641850 -0.453197 0.618579 6.513500 0.000000 0.000000 0.000000 1.000000
0.558501 0.197600 0.805625 1.041900 -0.460749 0.881510 0.103201 22.231001 -0.689774 -0.428828 0.583368 6.513500 0.000000 0.000000 0.000000 1.000000
0.508663 0.199934 0.837430 1.041900 -0.463381 0.883345 0.070566 22.231001 -0.725631 -0.423943 0.541970 6.513500 0.000000 0.000000 0.000000 1.000000
0.485761 0.187272 0.853795 1.041900 -0.467035 0.881268 0.072419 22.231001 -0.738860 -0.433931 0.515548 6.513500 0.000000 0.000000 0.000000 1.000000
0.497618 0.169327 0.850708 1.041900 -0.464701 0.880179 0.096632 22.231001 -0.732413 -0.443411 0.516680 6.513500 0.000000 0.000000 0.000000 1.000000
0.530826 0.162817 0.831694 1.041900 -0.461000 0.878951 0.122164 22.231001 -0.711128 -0.448259 0.541629 6.513500 0.000000 0.000000 0.000000 1.000000
0.566396 0.173406 0.805684 1.041900 -0.467181 0.872919 0.140552 22.231001 -0.678924 -0.456008 0.575429 6.513500 0.000000 0.000000 0.000000 1.000000
0.595213 0.193125 0.780016 1.041900 -0.484047 0.860989 0.156193 22.231001 -0.641420 -0.470533 0.605953 6.513500 0.000000 0.000000 0.000000 1.000000
0.619057 0.210529 0.756602 1.041900 -0.500839 0.847900 0.173857 22.231001 -0.604921 -0.486563 0.630339 6.513500 0.000000 0.000000 0.000000 1.000000</float_array><technique_common><accessor source="#mixamorig_Head-Matrix-animation-output-transform-array" count="21" stride="16"><param type="float4x4"/></accessor></technique_common></source><source id="mixamorig_Head-Interpolations"><Name_array id="mixamorig_Head-Interpolations-array" count="21">
 LINEAR LINEAR LINEAR LINEAR LINEAR LINEAR LINEAR LINEAR LINEAR LINEAR LINEAR
LINEAR LINEAR LINEAR LINEAR LINEAR LINEAR LINEAR LINEAR LINEAR LINEAR</Name_array><technique_common><accessor source="#mixamorig_Head-Interpolations-array" count="21"><param type="name"/></accessor></technique_common></source><sampler id="mixamorig_Head-Matrix-animation-transform"><input semantic="INPUT" source="#mixamorig_Head-Matrix-animation-input"/><input semantic="OUTPUT" source="#mixamorig_Head-Matrix-animation-output-transform"/><input semantic="INTERPOLATION" source="#mixamorig_Head-Interpolations"/></sampler><channel source="#mixamorig_Head-Matrix-animation-transform" target="mixamorig_Head/matrix"/></animation>
    <animation id="mixamorig_LeftShoulder-anim" name="mixamorig_LeftShoulder"><source id="mixamorig_LeftShoulder-Matrix-animation-input"><float_array id="mixamorig_LeftShoulder-Matrix-animation-input-array" count="21">

0.000000 0.033333 0.066667 0.100000 0.133333 0.166667 0.200000 0.233333 0.266667 0.300000 0.333333 0.366667 0.400000 0.433333 0.466667 0.500000
0.533333 0.566667 0.600000 0.633333 0.666667</float_array><technique_common><accessor source="#mixamorig_LeftShoulder-Matrix-animation-input-array" count="21"><param name="TIME" type="float"/></accessor></technique_common></source><source id="mixamorig_LeftShoulder-Matrix-animation-output-transform"><float_array id="mixamorig_LeftShoulder-Matrix-animation-output-transform-array" count="336">

0.978166 0.204587 0.036553 12.954100 -0.204307 0.978842 -0.011269 18.894800 -0.038085 0.003554 0.999268 2.678200 0.000000 0.000000 0.000000 1.000000
0.979265 0.181900 0.089174 12.954100 -0.181636 0.983303 -0.011135 18.894800 -0.089711 -0.005294 0.995954 2.678200 0.000000 0.000000 0.000000 1.000000
0.981490 0.124435 0.145577 12.954100 -0.125010 0.992142 -0.005226 18.894800 -0.145083 -0.013070 0.989333 2.678200 0.000000 0.000000 0.000000 1.000000
0.981192 0.042876 0.188210 12.954100 -0.045373 0.998930 0.008974 18.894800 -0.187624 -0.017344 0.982088 2.678200 0.000000 0.000000 0.000000 1.000000
0.978281 -0.036488 0.204045 12.954100 0.032039 0.999172 0.025063 18.894800 -0.204790 -0.017981 0.978641 2.678200 0.000000 0.000000 0.000000 1.000000
0.976624 -0.086940 0.196589 12.954100 0.081752 0.996060 0.034365 18.894800 -0.198802 -0.017490 0.979883 2.678200 0.000000 0.000000 0.000000 1.000000
0.979491 -0.092806 0.178843 12.954100 0.088013 0.995519 0.034569 18.894800 -0.181250 -0.018119 0.983270 2.678200 0.000000 0.000000 0.000000 1.000000
0.986660 -0.045027 0.156443 12.954100 0.041526 0.998810 0.025578 18.894800 -0.157409 -0.018740 0.987356 2.678200 0.000000 0.000000 0.000000 1.000000
0.991350 0.054271 0.119502 12.954100 -0.055609 0.998421 0.007889 18.894800 -0.118885 -0.014466 0.992803 2.678200 0.000000 0.000000 0.000000 1.000000
0.983097 0.175031 0.053706 12.954100 -0.174808 0.984563 -0.008866 18.894800 -0.054429 -0.000672 0.998517 2.678200 0.000000 0.000000 0.000000 1.000000
0.963552 0.265597 -0.032029 12.954100 -0.266083 0.963876 -0.011931 18.894800 0.027704 0.020018 0.999416 2.678200 0.000000 0.000000 0.000000 1.000000
0.950158 0.294556 -0.102155 12.954100 -0.296751 0.954932 -0.006648 18.894800 0.095593 0.036631 0.994746 2.678200 0.000000 0.000000 0.000000 1.000000
0.953400 0.272378 -0.129762 12.954100 -0.275399 0.961314 -0.005589 18.894800 0.123220 0.041065 0.991529 2.678200 0.000000 0.000000 0.000000 1.000000
0.966260 0.230437 -0.115069 12.954100 -0.232907 0.972463 -0.008317 18.894800 0.109984 0.034836 0.993323 2.678200 0.000000 0.000000 0.000000 1.000000
0.977628 0.196179 -0.075881 12.954100 -0.197455 0.980265 -0.009623 18.894800 0.072496 0.024391 0.997070 2.678200 0.000000 0.000000 0.000000 1.000000
0.982656 0.181793 -0.036595 12.954100 -0.182245 0.983208 -0.009397 18.894800 0.034272 0.015903 0.999286 2.678200 0.000000 0.000000 0.000000 1.000000
0.982803 0.184036 -0.015106 12.954100 -0.184192 0.982843 -0.009624 18.894800 0.013076 0.012241 0.999840 2.678200 0.000000 0.000000 0.000000 1.000000
0.981286 0.192257 -0.010754 12.954100 -0.192366 0.981270 -0.010207 18.894800 0.008590 0.012085 0.999890 2.678200 0.000000 0.000000 0.000000 1.000000
0.979980 0.198926 -0.008254 12.954100 -0.199007 0.979942 -0.010505 18.894800 0.005999 0.011937 0.999911 2.678200 0.000000 0.000000 0.000000 1.000000
0.979193 0.202843 0.006068 12.954100 -0.202771 0.979167 -0.010721 18.894800 -0.008116 0.009267 0.999924 2.678200 0.000000 0.000000 0.000000 1.000000
0.978166 0.204587 0.036553 12.954100 -0.204307 0.978842 -0.011269 18.894800 -0.038085 0.003555 0.999268 2.678200 0.000000 0.000000 0.000000 1.000000</float_array><technique_common><accessor source="#mixamorig_LeftShoulder-Matrix-animation-output-transform-array" count="21" stride="16"><param type="float4x4"/></accessor></technique_common></source><source id="mixamorig_LeftShoulder-Interpolations"><Name_array id="mixamorig_LeftShoulder-Interpolations-array" count="21">
 LINEAR LINEAR LINEAR LINEAR LINEAR LINEAR LINEAR LINEAR LINEAR LINEAR LINEAR
LINEAR LINEAR LINEAR LINEAR LINEAR LINEAR LINEAR LINEAR LINEAR LINEAR</Name_array><technique_common><accessor source="#mixamorig_LeftShoulder-Interpolations-array" count="21"><param type="name"/></accessor></technique_common></source><sampler id="mixamorig_LeftShoulder-Matrix-animation-transform"><input semantic="INPUT" source="#mixamorig_LeftShoulder-Matrix-animation-input"/><input semantic="OUTPUT" source="#mixamorig_LeftShoulder-Matrix-animation-output-transform"/><input semantic="INTERPOLATION" source="#mixamorig_LeftShoulder-Interpolations"/></sampler><channel source="#mixamorig_LeftShoulder-Matrix-animation-transform" target="mixamorig_LeftShoulder/matrix"/></animation>
    <animation id="mixamorig_LeftArm-anim" name="mixamorig_LeftArm"><source id="mixamorig_LeftArm-Matrix-animation-input"><float_array id="mixamorig_LeftArm-Matrix-animation-input-array" count="21">

0.000000 0.033333 0.066667 0.100000 0.133333 0.166667 0.200000 0.233333 0.266667 0.300000 0.333333 0.366667 0.400000 0.433333 0.466667 0.500000
0.533333 0.566667 0.600000 0.633333 0.666667</float_array><technique_common><accessor source="#mixamorig_LeftArm-Matrix-animation-input-array" count="21"><param name="TIME" type="float"/></accessor></technique_common></source><source id="mixamorig_LeftArm-Matrix-animation-output-transform"><float_array id="mixamorig_LeftArm-Matrix-animation-output-transform-array" count="336">

0.690225 0.723537 -0.009123 26.266600 -0.693806 0.658178 -0.292293 0.548600 -0.205481 0.208078 0.956285 -4.054200 0.000000 0.000000 0.000000 1.000000
0.644528 0.761609 0.067340 26.266600 -0.689664 0.617137 -0.378822 0.548600 -0.330072 0.197719 0.923016 -4.054200 0.000000 0.000000 0.000000 1.000000
0.591474 0.794907 0.135205 26.266600 -0.656436 0.572081 -0.491748 0.548600 -0.468242 0.202103 0.860177 -4.054200 0.000000 0.000000 0.000000 1.000000
0.528557 0.827987 0.187258 26.266600 -0.604148 0.521864 -0.602215 0.548600 -0.596349 0.205173 0.776061 -4.054200 0.000000 0.000000 0.000000 1.000000
0.469593 0.854277 0.222919 26.266600 -0.554905 0.481969 -0.678076 0.548600 -0.686704 0.194721 0.700372 -4.054200 0.000000 0.000000 0.000000 1.000000
0.430162 0.868662 0.245736 26.266600 -0.530542 0.463497 -0.709716 0.548600 -0.730401 0.174919 0.660240 -4.054200 0.000000 0.000000 0.000000 1.000000
0.409406 0.875680 0.256070 26.266600 -0.538548 0.458508 -0.706920 0.548600 -0.736446 0.151511 0.659311 -4.054200 0.000000 0.000000 0.000000 1.000000
0.407428 0.875389 0.260187 26.266600 -0.573449 0.466967 -0.673126 0.548600 -0.710745 0.125046 0.692246 -4.054200 0.000000 0.000000 0.000000 1.000000
0.445878 0.855192 0.264272 26.266600 -0.619323 0.507917 -0.598715 0.548600 -0.646245 0.103284 0.756109 -4.054200 0.000000 0.000000 0.000000 1.000000
0.543213 0.803451 0.243694 26.266600 -0.651745 0.586500 -0.480880 0.548600 -0.529290 0.102394 0.842240 -4.054200 0.000000 0.000000 0.000000 1.000000
0.671967 0.724337 0.154263 26.266600 -0.651236 0.677122 -0.342633 0.548600 -0.352636 0.129776 0.926718 -4.054200 0.000000 0.000000 0.000000 1.000000
0.772365 0.635174 0.002324 26.266600 -0.617681 0.751936 -0.230353 0.548600 -0.148062 0.176481 0.973104 -4.054200 0.000000 0.000000 0.000000 1.000000
0.822816 0.549731 -0.144114 26.266600 -0.567892 0.805030 -0.171538 0.548600 0.021716 0.222986 0.974580 -4.054200 0.000000 0.000000 0.000000 1.000000
0.845384 0.477834 -0.238747 26.266600 -0.517053 0.844231 -0.141178 0.548600 0.134098 0.242795 0.960765 -4.054200 0.000000 0.000000 0.000000 1.000000
0.856205 0.430845 -0.285106 26.266600 -0.473843 0.874794 -0.101037 0.548600 0.205878 0.221603 0.953156 -4.054200 0.000000 0.000000 0.000000 1.000000
0.857622 0.421155 -0.295151 26.266600 -0.454593 0.889172 -0.052144 0.548600 0.240479 0.178893 0.954027 -4.054200 0.000000 0.000000 0.000000 1.000000
0.850158 0.453679 -0.267220 26.266600 -0.478827 0.877250 -0.034011 0.548600 0.218989 0.156867 0.963035 -4.054200 0.000000 0.000000 0.000000 1.000000
0.829310 0.518942 -0.207230 26.266600 -0.542310 0.836858 -0.074617 0.548600 0.134700 0.174264 0.975443 -4.054200 0.000000 0.000000 0.000000 1.000000
0.789368 0.598046 -0.138701 26.266600 -0.613729 0.774347 -0.154024 0.548600 0.015289 0.206706 0.978284 -4.054200 0.000000 0.000000 0.000000 1.000000
0.738573 0.669993 -0.074969 26.266600 -0.666318 0.708514 -0.232439 0.548600 -0.102616 0.221626 0.969717 -4.054200 0.000000 0.000000 0.000000 1.000000
0.690225 0.723537 -0.009123 26.266600 -0.693806 0.658178 -0.292293 0.548600 -0.205481 0.208078 0.956285 -4.054200 0.000000 0.000000 0.000000 1.000000</float_array><technique_common><accessor source="#mixamorig_LeftArm-Matrix-animation-output-transform-array" count="21" stride="16"><param type="float4x4"/></accessor></technique_common></source><source id="mixamorig_LeftArm-Interpolations"><Name_array id="mixamorig_LeftArm-Interpolations-array" count="21">
 LINEAR LINEAR LINEAR LINEAR LINEAR LINEAR LINEAR LINEAR LINEAR LINEAR LINEAR
LINEAR LINEAR LINEAR LINEAR LINEAR LINEAR LINEAR LINEAR LINEAR LINEAR</Name_array><technique_common><accessor source="#mixamorig_LeftArm-Interpolations-array" count="21"><param type="name"/></accessor></technique_common></source><sampler id="mixamorig_LeftArm-Matrix-animation-transform"><input semantic="INPUT" source="#mixamorig_LeftArm-Matrix-animation-input"/><input semantic="OUTPUT" source="#mixamorig_LeftArm-Matrix-animation-output-transform"/><input semantic="INTERPOLATION" source="#mixamorig_LeftArm-Interpolations"/></sampler><channel source="#mixamorig_LeftArm-Matrix-animation-transform" target="mixamorig_LeftArm/matrix"/></animation>
    <animation id="mixamorig_LeftForeArm-anim" name="mixamorig_LeftForeArm"><source id="mixamorig_LeftForeArm-Matrix-animation-input"><float_array id="mixamorig_LeftForeArm-Matrix-animation-input-array" count="21">

0.000000 0.033333 0.066667 0.100000 0.133333 0.166667 0.200000 0.233333 0.266667 0.300000 0.333333 0.366667 0.400000 0.433333 0.466667 0.500000
