<?xml version="1.0" encoding="utf-8"?>
<COLLADA xmlns="http://www.collada.org/2005/11/COLLADASchema" version="1.4.1">
  <asset><contributor><author>Mixamo</author><authoring_tool>COLLADA Mixamo exporter</authoring_tool><comments></comments></contributor><created>2018-10-17T10:24:20Z</created><modified>2018-10-17T10:24:20Z</modified><revision></revision><title></title><unit meter="0.010000"/><up_axis>Y_UP</up_axis></asset>
  <library_animations>
    <animation id="mixamorig_Hips-anim" name="mixamorig_Hips"><source id="mixamorig_Hips-Matrix-animation-input"><float_array id="mixamorig_Hips-Matrix-animation-input-array" count="32">

0.000000 0.033333 0.066667 0.100000 0.133333 0.166667 0.200000 0.233333 0.266667 0.300000 0.333333 0.366667 0.400000 0.433333 0.466667 0.500000
0.533333 0.566667 0.600000 0.633333 0.666667 0.700000 0.733333 0.766667 0.800000 0.833333 0.866667 0.900000 0.933333 0.966667 1.000000 1.033333</float_array><technique_common><accessor source="#mixamorig_Hips-Matrix-animation-input-array" count="32"><param name="TIME" type="float"/></accessor></technique_common></source><source id="mixamorig_Hips-Matrix-animation-output-transform"><float_array id="mixamorig_Hips-Matrix-animation-output-transform-array" count="512">

0.730474 0.051563 -0.680991 1.107069 0.001802 0.996997 0.077422 195.089722 0.682938 -0.057782 0.728188 -1.551582 0.000000 0.000000 0.000000 1.000000
0.671811 0.053403 -0.738795 2.329203 -0.007423 0.997833 0.065377 195.212860 0.740686 -0.038437 0.670751 0.000448 0.000000 0.000000 0.000000 1.000000
0.606846 0.046121 -0.793480 5.021344 -0.019019 0.998872 0.043513 195.589264 0.794592 -0.011314 0.607038 3.354392 0.000000 0.000000 0.000000 1.000000
0.539108 0.034749 -0.841520 8.293904 -0.032314 0.999266 0.020561 196.086777 0.841617 0.016108 0.539835 7.354062 0.000000 0.000000 0.000000 1.000000
0.471500 0.020565 -0.881626 11.223379 -0.043619 0.999048 -0.000024 196.761108 0.880787 0.038467 0.471948 11.015184 0.000000 0.000000 0.000000 1.000000
0.405457 0.003315 -0.914108 13.771619 -0.051916 0.998463 -0.019406 197.662018 0.912639 0.055325 0.405006 14.434074 0.000000 0.000000 0.000000 1.000000
0.342618 -0.012716 -0.939389 16.075455 -0.058236 0.997698 -0.034746 198.138885 0.937668 0.066611 0.341089 17.567705 0.000000 0.000000 0.000000 1.000000
0.283523 -0.027293 -0.958577 18.002861 -0.062144 0.996971 -0.046766 198.313934 0.956950 0.072829 0.280968 20.200554 0.000000 0.000000 0.000000 1.000000
0.228215 -0.040640 -0.972762 19.622499 -0.063623 0.996370 -0.056553 198.419464 0.971530 0.074796 0.224801 22.501408 0.000000 0.000000 0.000000 1.000000
0.175554 -0.052179 -0.983086 20.968782 -0.063057 0.995948 -0.064123 198.538513 0.982448 0.073247 0.171553 24.464640 0.000000 0.000000 0.000000 1.000000
0.122518 -0.062716 -0.990483 22.116333 -0.060220 0.995693 -0.070495 198.726944 0.990638 0.068283 0.118214 26.037384 0.000000 0.000000 0.000000 1.000000
0.066571 -0.073188 -0.995094 23.143955 -0.055267 0.995505 -0.076916 199.012573 0.996250 0.060116 0.062227 27.207678 0.000000 0.000000 0.000000 1.000000
0.006622 -0.083479 -0.996488 24.131355 -0.048863 0.995292 -0.083703 199.370224 0.998784 0.049246 0.002512 27.990057 0.000000 0.000000 0.000000 1.000000
-0.056093 -0.092324 -0.994148 25.147072 -0.042335 0.995040 -0.090018 199.716797 0.997528 0.037038 -0.059724 28.423281 0.000000 0.000000 0.000000 1.000000
-0.119690 -0.097301 -0.988032 26.203773 -0.036624 0.994941 -0.093545 199.891022 0.992136 0.024990 -0.122648 28.536531 0.000000 0.000000 0.000000 1.000000
-0.181613 -0.098380 -0.978437 27.238758 -0.032176 0.995045 -0.094077 199.758194 0.982844 0.014396 -0.183878 28.299593 0.000000 0.000000 0.000000 1.000000
-0.238866 -0.096022 -0.966293 28.215515 -0.029438 0.995358 -0.091634 199.307190 0.970606 0.006558 -0.240584 27.676323 0.000000 0.000000 0.000000 1.000000
-0.288992 -0.091048 -0.952992 28.987585 -0.027074 0.995846 -0.086932 198.614456 0.956949 0.000678 -0.290257 26.698637 0.000000 0.000000 0.000000 1.000000
-0.330561 -0.083831 -0.940054 29.428446 -0.024020 0.996472 -0.080416 197.828857 0.943479 -0.004002 -0.331408 25.451092 0.000000 0.000000 0.000000 1.000000
-0.363345 -0.074640 -0.928660 29.111423 -0.019204 0.997174 -0.072633 197.165039 0.931457 -0.008557 -0.363752 23.842505 0.000000 0.000000 0.000000 1.000000
-0.388155 -0.062708 -0.919458 27.880413 -0.011701 0.997937 -0.063121 196.744690 0.921520 -0.013742 -0.388088 21.863297 0.000000 0.000000 0.000000 1.000000
-0.407119 -0.047563 -0.912136 25.915607 -0.002024 0.998688 -0.051173 196.549500 0.913373 -0.018988 -0.406681 19.612059 0.000000 0.000000 0.000000 1.000000
-0.423663 -0.029794 -0.905330 23.444624 0.007887 0.999300 -0.036577 196.484375 0.905786 -0.022637 -0.423131 17.191738 0.000000 0.000000 0.000000 1.000000
-0.441393 -0.010965 -0.897247 20.656633 0.015780 0.999676 -0.019979 196.443726 0.897175 -0.022977 -0.441077 14.711841 0.000000 0.000000 0.000000 1.000000
-0.462853 0.006724 -0.886409 17.644480 0.020181 0.999792 -0.002953 196.364105 0.886205 -0.019256 -0.462893 12.246035 0.000000 0.000000 0.000000 1.000000
-0.487925 0.021922 -0.872610 14.485810 0.021120 0.999688 0.013305 196.209595 0.872630 -0.011937 -0.488236 9.795657 0.000000 0.000000 0.000000 1.000000
-0.515666 0.035278 -0.856063 11.324828 0.019904 0.999376 0.029195 195.980667 0.856558 -0.001984 -0.516046 7.806015 0.000000 0.000000 0.000000 1.000000
-0.545370 0.047703 -0.836837 8.352470 0.017951 0.998815 0.045238 195.693741 0.838003 0.009649 -0.545580 5.802645 0.000000 0.000000 0.000000 1.000000
-0.576773 0.059109 -0.814763 5.751990 0.016013 0.998005 0.061067 195.373352 0.816747 0.022175 -0.576569 3.934237 0.000000 0.000000 0.000000 1.000000
-0.609815 0.067635 -0.789652 3.678431 0.013628 0.997100 0.074879 195.050400 0.792427 0.034900 -0.608968 2.404708 0.000000 0.000000 0.000000 1.000000
-0.644354 0.066327 -0.761846 2.208876 0.009081 0.996825 0.079104 194.990372 0.764674 0.044052 -0.642910 1.378566 0.000000 0.000000 0.000000 1.000000
-0.680645 0.057945 -0.730318 1.555050 0.001805 0.996997 0.077422 195.089676 0.732611 0.051379 -0.678706 1.102184 0.000000 0.000000 0.000000 1.000000</float_array><technique_common><accessor source="#mixamorig_Hips-Matrix-animation-output-transform-array" count="32" stride="16"><param type="float4x4"/></accessor></technique_common></source><source id="mixamorig_Hips-Interpolations"><Name_array id="mixamorig_Hips-Interpolations-array" count="32">
 LINEAR LINEAR LINEAR LINEAR LINEAR LINEAR LINEAR LINEAR LINEAR LINEAR LINEAR
LINEAR LINEAR LINEAR LINEAR LINEAR LINEAR LINEAR LINEAR LINEAR LINEAR LINEAR LINEAR
LINEAR LINEAR LINEAR LINEAR LINEAR LINEAR LINEAR LINEAR LINEAR</Name_array><technique_common><accessor source="#mixamorig_Hips-Interpolations-array" count="32"><param type="name"/></accessor></technique_common></source><sampler id="mixamorig_Hips-Matrix-animation-transform"><input semantic="INPUT" source="#mixamorig_Hips-Matrix-animation-input"/><input semantic="OUTPUT" source="#mixamorig_Hips-Matrix-animation-output-transform"/><input semantic="INTERPOLATION" source="#mixamorig_Hips-Interpolations"/></sampler><channel source="#mixamorig_Hips-Matrix-animation-transform" target="mixamorig_Hips/matrix"/></animation>
    <animation id="mixamorig_Spine-anim" name="mixamorig_Spine"><source id="mixamorig_Spine-Matrix-animation-input"><float_array id="mixamorig_Spine-Matrix-animation-input-array" count="32">

0.000000 0.033333 0.066667 0.100000 0.133333 0.166667 0.200000 0.233333 0.266667 0.300000 0.333333 0.366667 0.400000 0.433333 0.466667 0.500000
0.533333 0.566667 0.600000 0.633333 0.666667 0.700000 0.733333 0.766667 0.800000 0.833333 0.866667 0.900000 0.933333 0.966667 1.000000 1.033333</float_array><technique_common><accessor source="#mixamorig_Spine-Matrix-animation-input-array" count="32"><param name="TIME" type="float"/></accessor></technique_common></source><source id="mixamorig_Spine-Matrix-animation-output-transform"><float_array id="mixamorig_Spine-Matrix-animation-output-transform-array" count="512">

0.996648 0.020868 0.079100 -0.200200 -0.012799 0.994787 -0.101173 19.804701 -0.080798 0.099821 0.991719 -3.890100 0.000000 0.000000 0.000000 1.000000
0.996603 0.019110 0.080102 -0.200200 -0.011142 0.995048 -0.098767 19.804701 -0.081593 0.097539 0.991881 -3.890100 0.000000 0.000000 0.000000 1.000000
0.996545 0.017157 0.081269 -0.200200 -0.009252 0.995274 -0.096663 19.804701 -0.082543 0.095577 0.991994 -3.890100 0.000000 0.000000 0.000000 1.000000
0.996477 0.014963 0.082522 -0.200200 -0.007063 0.995433 -0.095201 19.804701 -0.083570 0.094283 0.992032 -3.890100 0.000000 0.000000 0.000000 1.000000
0.996410 0.013092 0.083639 -0.200200 -0.005146 0.995509 -0.094525 19.804701 -0.084501 0.093756 0.992003 -3.890100 0.000000 0.000000 0.000000 1.000000
0.996360 0.012262 0.084353 -0.200200 -0.004260 0.995526 -0.094396 19.804701 -0.085133 0.093693 0.991955 -3.890100 0.000000 0.000000 0.000000 1.000000
0.996342 0.012437 0.084551 -0.200200 -0.004420 0.995529 -0.094356 19.804701 -0.085346 0.093637 0.991942 -3.890100 0.000000 0.000000 0.000000 1.000000
0.996347 0.013154 0.084375 -0.200200 -0.005174 0.995548 -0.094111 19.804701 -0.085238 0.093330 0.991980 -3.890100 0.000000 0.000000 0.000000 1.000000
0.996361 0.014228 0.084041 -0.200200 -0.006308 0.995575 -0.093756 19.804701 -0.085004 0.092884 0.992042 -3.890100 0.000000 0.000000 0.000000 1.000000
0.996372 0.015721 0.083644 -0.200200 -0.007856 0.995585 -0.093535 19.804701 -0.084745 0.092538 0.992096 -3.890100 0.000000 0.000000 0.000000 1.000000
0.996375 0.017850 0.083170 -0.200200 -0.010032 0.995570 -0.093483 19.804701 -0.084471 0.092310 0.992141 -3.890100 0.000000 0.000000 0.000000 1.000000
0.996368 0.020584 0.082621 -0.200200 -0.012822 0.995546 -0.093402 19.804701 -0.084176 0.092003 0.992194 -3.890100 0.000000 0.000000 0.000000 1.000000
0.996347 0.023611 0.082071 -0.200200 -0.015913 0.995518 -0.093225 19.804701 -0.083905 0.091579 0.992257 -3.890100 0.000000 0.000000 0.000000 1.000000
0.996312 0.026508 0.081611 -0.200200 -0.018849 0.995467 -0.093225 19.804701 -0.083712 0.091343 0.992295 -3.890100 0.000000 0.000000 0.000000 1.000000
0.996274 0.028921 0.081248 -0.200200 -0.021250 0.995369 -0.093753 19.804701 -0.083583 0.091677 0.992275 -3.890100 0.000000 0.000000 0.000000 1.000000
0.996254 0.030434 0.080939 -0.200200 -0.022696 0.995232 -0.094861 19.804701 -0.083440 0.092669 0.992195 -3.890100 0.000000 0.000000 0.000000 1.000000
0.996265 0.030820 0.080666 -0.200200 -0.022985 0.995086 -0.096309 19.804701 -0.083238 0.094095 0.992077 -3.890100 0.000000 0.000000 0.000000 1.000000
0.996301 0.030314 0.080411 -0.200200 -0.022377 0.994951 -0.097836 19.804701 -0.082971 0.095675 0.991949 -3.890100 0.000000 0.000000 0.000000 1.000000
0.996345 0.029560 0.080144 -0.200200 -0.021523 0.994819 -0.099353 19.804701 -0.082666 0.097265 0.991819 -3.890100 0.000000 0.000000 0.000000 1.000000
0.996383 0.029218 0.079789 -0.200200 -0.021087 0.994671 -0.100916 19.804701 -0.082313 0.098869 0.991690 -3.890100 0.000000 0.000000 0.000000 1.000000
0.996411 0.029628 0.079296 -0.200200 -0.021402 0.994488 -0.102639 19.804701 -0.081900 0.100573 0.991553 -3.890100 0.000000 0.000000 0.000000 1.000000
0.996426 0.030501 0.078773 -0.200200 -0.022170 0.994274 -0.104538 19.804701 -0.081511 0.102418 0.991396 -3.890100 0.000000 0.000000 0.000000 1.000000
0.996437 0.031081 0.078404 -0.200200 -0.022636 0.994066 -0.106394 19.804701 -0.081246 0.104240 0.991228 -3.890100 0.000000 0.000000 0.000000 1.000000
0.996455 0.030824 0.078280 -0.200200 -0.022279 0.993926 -0.107776 19.804701 -0.081126 0.105650 0.991089 -3.890100 0.000000 0.000000 0.000000 1.000000
0.996480 0.029848 0.078337 -0.200200 -0.021255 0.993889 -0.108316 19.804701 -0.081091 0.106270 0.991025 -3.890100 0.000000 0.000000 0.000000 1.000000
0.996514 0.028311 0.078478 -0.200200 -0.019736 0.993958 -0.107968 19.804701 -0.081060 0.106043 0.991052 -3.890100 0.000000 0.000000 0.000000 1.000000
0.996550 0.026642 0.078601 -0.200200 -0.018125 0.994078 -0.107143 19.804701 -0.080990 0.105349 0.991132 -3.890100 0.000000 0.000000 0.000000 1.000000
0.996584 0.025207 0.078639 -0.200200 -0.016757 0.994191 -0.106322 19.804701 -0.080862 0.104641 0.991217 -3.890100 0.000000 0.000000 0.000000 1.000000
0.996613 0.024137 0.078613 -0.200200 -0.015750 0.994284 -0.105602 19.804701 -0.080712 0.104006 0.991296 -3.890100 0.000000 0.000000 0.000000 1.000000
0.996634 0.023227 0.078615 -0.200200 -0.014919 0.994395 -0.104670 19.804701 -0.080606 0.103144 0.991395 -3.890100 0.000000 0.000000 0.000000 1.000000
0.996647 0.022194 0.078758 -0.200200 -0.013991 0.994561 -0.103212 19.804701 -0.080621 0.101764 0.991536 -3.890100 0.000000 0.000000 0.000000 1.000000
0.996648 0.020868 0.079100 -0.200200 -0.012799 0.994787 -0.101173 19.804701 -0.080799 0.099821 0.991719 -3.890100 0.000000 0.000000 0.000000 1.000000</float_array><technique_common><accessor source="#mixamorig_Spine-Matrix-animation-output-transform-array" count="32" stride="16"><param type="float4x4"/></accessor></technique_common></source><source id="mixamorig_Spine-Interpolations"><Name_array id="mixamorig_Spine-Interpolations-array" count="32">
 LINEAR LINEAR LINEAR LINEAR LINEAR LINEAR LINEAR LINEAR LINEAR LINEAR LINEAR
LINEAR LINEAR LINEAR LINEAR LINEAR LINEAR LINEAR LINEAR LINEAR LINEAR LINEAR LINEAR
LINEAR LINEAR LINEAR LINEAR LINEAR LINEAR LINEAR LINEAR LINEAR</Name_array><technique_common><accessor source="#mixamorig_Spine-Interpolations-array" count="32"><param type="name"/></accessor></technique_common></source><sampler id="mixamorig_Spine-Matrix-animation-transform"><input semantic="INPUT" source="#mixamorig_Spine-Matrix-animation-input"/><input semantic="OUTPUT" source="#mixamorig_Spine-Matrix-animation-output-transform"/><input semantic="INTERPOLATION" source="#mixamorig_Spine-Interpolations"/></sampler><channel source="#mixamorig_Spine-Matrix-animation-transform" target="mixamorig_Spine/matrix"/></animation>
    <animation id="mixamorig_Spine1-anim" name="mixamorig_Spine1"><source id="mixamorig_Spine1-Matrix-animation-input"><float_array id="mixamorig_Spine1-Matrix-animation-input-array" count="32">

0.000000 0.033333 0.066667 0.100000 0.133333 0.166667 0.200000 0.233333 0.266667 0.300000 0.333333 0.366667 0.400000 0.433333 0.466667 0.500000
0.533333 0.566667 0.600000 0.633333 0.666667 0.700000 0.733333 0.766667 0.800000 0.833333 0.866667 0.900000 0.933333 0.966667 1.000000 1.033333</float_array><technique_common><accessor source="#mixamorig_Spine1-Matrix-animation-input-array" count="32"><param name="TIME" type="float"/></accessor></technique_common></source><source id="mixamorig_Spine1-Matrix-animation-output-transform"><float_array id="mixamorig_Spine1-Matrix-animation-output-transform-array" count="512">

0.986155 0.053132 0.157083 -0.270400 -0.020481 0.979053 -0.202574 23.500299 -0.164555 0.196552 0.966586 -2.360300 0.000000 0.000000 0.000000 1.000000
0.986067 0.049853 0.158704 -0.270400 -0.017715 0.980082 -0.197800 23.500299 -0.165403 0.192232 0.967310 -2.360300 0.000000 0.000000 0.000000 1.000000
0.985928 0.046166 0.160667 -0.270400 -0.014387 0.980978 -0.193586 23.500299 -0.166548 0.188551 0.967838 -2.360300 0.000000 0.000000 0.000000 1.000000
0.985744 0.042170 0.162880 -0.270400 -0.010495 0.981607 -0.190626 23.500299 -0.167923 0.186199 0.968056 -2.360300 0.000000 0.000000 0.000000 1.000000
0.985555 0.038553 0.164912 -0.270400 -0.006758 0.981922 -0.189167 23.500299 -0.169223 0.185320 0.967998 -2.360300 0.000000 0.000000 0.000000 1.000000
0.985425 0.036242 0.166208 -0.270400 -0.004287 0.982022 -0.188716 23.500299 -0.170059 0.185253 0.967864 -2.360300 0.000000 0.000000 0.000000 1.000000
0.985390 0.035670 0.166538 -0.270400 -0.003696 0.982071 -0.188477 23.500299 -0.170275 0.185107 0.967854 -2.360300 0.000000 0.000000 0.000000 1.000000
0.985425 0.036626 0.166122 -0.270400 -0.004815 0.982162 -0.187977 23.500299 -0.170043 0.184437 0.968023 -2.360300 0.000000 0.000000 0.000000 1.000000
0.985477 0.038705 0.165336 -0.270400 -0.007143 0.982262 -0.187375 23.500299 -0.169656 0.183473 0.968274 -2.360300 0.000000 0.000000 0.000000 1.000000
0.985511 0.041773 0.164384 -0.270400 -0.010429 0.982286 -0.187098 23.500299 -0.169288 0.182673 0.968490 -2.360300 0.000000 0.000000 0.000000 1.000000
0.985513 0.045959 0.163255 -0.270400 -0.014799 0.982215 -0.187174 23.500299 -0.168954 0.182047 0.968666 -2.360300 0.000000 0.000000 0.000000 1.000000
0.985467 0.051264 0.161944 -0.270400 -0.020323 0.982107 -0.187223 23.500299 -0.168645 0.181211 0.968876 -2.360300 0.000000 0.000000 0.000000 1.000000
0.985358 0.057273 0.160591 -0.270400 -0.026578 0.981975 -0.187131 23.500299 -0.168414 0.180123 0.969119 -2.360300 0.000000 0.000000 0.000000 1.000000
0.985193 0.063231 0.159365 -0.270400 -0.032694 0.981738 -0.187406 23.500299 -0.168304 0.179421 0.969269 -2.360300 0.000000 0.000000 0.000000 1.000000
0.985023 0.068329 0.158308 -0.270400 -0.037747 0.981311 -0.188688 23.500299 -0.168242 0.179887 0.969193 -2.360300 0.000000 0.000000 0.000000 1.000000
0.984920 0.071935 0.157349 -0.270400 -0.041100 0.980713 -0.191083 23.500299 -0.168060 0.181735 0.968880 -2.360300 0.000000 0.000000 0.000000 1.000000
0.984928 0.073769 0.156448 -0.270400 -0.042567 0.980051 -0.194134 23.500299 -0.167648 0.184549 0.968419 -2.360300 0.000000 0.000000 0.000000 1.000000
0.985036 0.074038 0.155633 -0.270400 -0.042442 0.979422 -0.197308 23.500299 -0.167038 0.187750 0.967909 -2.360300 0.000000 0.000000 0.000000 1.000000
0.985196 0.073413 0.154920 -0.270400 -0.041433 0.978845 -0.200366 23.500299 -0.166352 0.190981 0.967395 -2.360300 0.000000 0.000000 0.000000 1.000000
0.985353 0.072740 0.154236 -0.270400 -0.040382 0.978266 -0.203382 23.500299 -0.165678 0.194174 0.966875 -2.360300 0.000000 0.000000 0.000000 1.000000
0.985480 0.072586 0.153493 -0.270400 -0.039831 0.977619 -0.206580 23.500299 -0.165053 0.197467 0.966315 -2.360300 0.000000 0.000000 0.000000 1.000000
0.985571 0.072918 0.152753 -0.270400 -0.039715 0.976878 -0.210078 23.500299 -0.164539 0.200980 0.965678 -2.360300 0.000000 0.000000 0.000000 1.000000
0.985631 0.073139 0.152256 -0.270400 -0.039445 0.976135 -0.213554 23.500299 -0.164242 0.204480 0.964994 -2.360300 0.000000 0.000000 0.000000 1.000000
0.985678 0.072498 0.152257 -0.270400 -0.038362 0.975598 -0.216188 23.500299 -0.164214 0.207251 0.964407 -2.360300 0.000000 0.000000 0.000000 1.000000
0.985732 0.070605 0.152798 -0.270400 -0.036208 0.975465 -0.217156 23.500299 -0.164381 0.208525 0.964104 -2.360300 0.000000 0.000000 0.000000 1.000000
0.985800 0.067712 0.153664 -0.270400 -0.033294 0.975743 -0.216374 23.500299 -0.164587 0.208186 0.964142 -2.360300 0.000000 0.000000 0.000000 1.000000
0.985876 0.064560 0.154534 -0.270400 -0.030281 0.976220 -0.214657 23.500299 -0.164717 0.206946 0.964387 -2.360300 0.000000 0.000000 0.000000 1.000000
0.985947 0.061840 0.155191 -0.270400 -0.027738 0.976668 -0.212957 23.500299 -0.164739 0.205660 0.964658 -2.360300 0.000000 0.000000 0.000000 1.000000
0.986011 0.059709 0.155621 -0.270400 -0.025791 0.977046 -0.211462 23.500299 -0.164676 0.204490 0.964917 -2.360300 0.000000 0.000000 0.000000 1.000000
0.986069 0.057795 0.155976 -0.270400 -0.024146 0.977499 -0.209552 23.500299 -0.164578 0.202867 0.965277 -2.360300 0.000000 0.000000 0.000000 1.000000
0.986120 0.055660 0.156429 -0.270400 -0.022434 0.978164 -0.206622 23.500299 -0.164514 0.200244 0.965835 -2.360300 0.000000 0.000000 0.000000 1.000000
0.986155 0.053132 0.157083 -0.270400 -0.020481 0.979053 -0.202574 23.500299 -0.164556 0.196552 0.966586 -2.360300 0.000000 0.000000 0.000000 1.000000</float_array><technique_common><accessor source="#mixamorig_Spine1-Matrix-animation-output-transform-array" count="32" stride="16"><param type="float4x4"/></accessor></technique_common></source><source id="mixamorig_Spine1-Interpolations"><Name_array id="mixamorig_Spine1-Interpolations-array" count="32">
 LINEAR LINEAR LINEAR LINEAR LINEAR LINEAR LINEAR LINEAR LINEAR LINEAR LINEAR
LINEAR LINEAR LINEAR LINEAR LINEAR LINEAR LINEAR LINEAR LINEAR LINEAR LINEAR LINEAR
LINEAR LINEAR LINEAR LINEAR LINEAR LINEAR LINEAR LINEAR LINEAR</Name_array><technique_common><accessor source="#mixamorig_Spine1-Interpolations-array" count="32"><param type="name"/></accessor></technique_common></source><sampler id="mixamorig_Spine1-Matrix-animation-transform"><input semantic="INPUT" source="#mixamorig_Spine1-Matrix-animation-input"/><input semantic="OUTPUT" source="#mixamorig_Spine1-Matrix-animation-output-transform"/><input semantic="INTERPOLATION" source="#mixamorig_Spine1-Interpolations"/></sampler><channel source="#mixamorig_Spine1-Matrix-animation-transform" target="mixamorig_Spine1/matrix"/></animation>
    <animation id="mixamorig_Spine2-anim" name="mixamorig_Spine2"><source id="mixamorig_Spine2-Matrix-animation-input"><float_array id="mixamorig_Spine2-Matrix-animation-input-array" count="32">

0.000000 0.033333 0.066667 0.100000 0.133333 0.166667 0.200000 0.233333 0.266667 0.300000 0.333333 0.366667 0.400000 0.433333 0.466667 0.500000
0.533333 0.566667 0.600000 0.633333 0.666667 0.700000 0.733333 0.766667 0.800000 0.833333 0.866667 0.900000 0.933333 0.966667 1.000000 1.033333</float_array><technique_common><accessor source="#mixamorig_Spine2-Matrix-animation-input-array" count="32"><param name="TIME" type="float"/></accessor></technique_common></source><source id="mixamorig_Spine2-Matrix-animation-output-transform"><float_array id="mixamorig_Spine2-Matrix-animation-output-transform-array" count="512">

0.986155 0.053132 0.157083 -0.109100 -0.020481 0.979053 -0.202574 27.807600 -0.164556 0.196552 0.966586 -1.195400 0.000000 0.000000 0.000000 1.000000
0.986067 0.049853 0.158704 -0.109100 -0.017715 0.980082 -0.197800 27.807600 -0.165403 0.192232 0.967310 -1.195400 0.000000 0.000000 0.000000 1.000000
0.985928 0.046166 0.160667 -0.109100 -0.014387 0.980978 -0.193586 27.807600 -0.166548 0.188551 0.967838 -1.195400 0.000000 0.000000 0.000000 1.000000
0.985744 0.042170 0.162880 -0.109100 -0.010495 0.981607 -0.190626 27.807600 -0.167923 0.186199 0.968056 -1.195400 0.000000 0.000000 0.000000 1.000000
0.985555 0.038553 0.164912 -0.109100 -0.006758 0.981922 -0.189167 27.807600 -0.169224 0.185320 0.967998 -1.195400 0.000000 0.000000 0.000000 1.000000
0.985425 0.036242 0.166208 -0.109100 -0.004287 0.982022 -0.188716 27.807600 -0.170059 0.185252 0.967864 -1.195400 0.000000 0.000000 0.000000 1.000000
0.985390 0.035670 0.166539 -0.109100 -0.003696 0.982071 -0.188477 27.807600 -0.170276 0.185107 0.967854 -1.195400 0.000000 0.000000 0.000000 1.000000
0.985425 0.036625 0.166122 -0.109100 -0.004815 0.982162 -0.187977 27.807600 -0.170043 0.184437 0.968023 -1.195400 0.000000 0.000000 0.000000 1.000000
0.985477 0.038705 0.165337 -0.109100 -0.007143 0.982262 -0.187375 27.807600 -0.169656 0.183473 0.968274 -1.195400 0.000000 0.000000 0.000000 1.000000
0.985511 0.041773 0.164384 -0.109100 -0.010428 0.982286 -0.187098 27.807600 -0.169288 0.182673 0.968490 -1.195400 0.000000 0.000000 0.000000 1.000000
0.985513 0.045959 0.163255 -0.109100 -0.014799 0.982215 -0.187174 27.807600 -0.168954 0.182046 0.968666 -1.195400 0.000000 0.000000 0.000000 1.000000
0.985467 0.051265 0.161945 -0.109100 -0.020323 0.982107 -0.187223 27.807600 -0.168645 0.181211 0.968876 -1.195400 0.000000 0.000000 0.000000 1.000000
0.985358 0.057273 0.160591 -0.109100 -0.026578 0.981975 -0.187131 27.807600 -0.168414 0.180123 0.969119 -1.195400 0.000000 0.000000 0.000000 1.000000
0.985193 0.063231 0.159365 -0.109100 -0.032694 0.981738 -0.187406 27.807600 -0.168305 0.179420 0.969269 -1.195400 0.000000 0.000000 0.000000 1.000000
0.985023 0.068329 0.158308 -0.109100 -0.037747 0.981311 -0.188689 27.807600 -0.168242 0.179887 0.969193 -1.195400 0.000000 0.000000 0.000000 1.000000
0.984920 0.071935 0.157349 -0.109100 -0.041100 0.980713 -0.191083 27.807600 -0.168060 0.181735 0.968880 -1.195400 0.000000 0.000000 0.000000 1.000000
0.984928 0.073768 0.156447 -0.109100 -0.042567 0.980051 -0.194134 27.807600 -0.167647 0.184549 0.968419 -1.195400 0.000000 0.000000 0.000000 1.000000
0.985037 0.074038 0.155632 -0.109100 -0.042442 0.979422 -0.197308 27.807600 -0.167038 0.187750 0.967909 -1.195400 0.000000 0.000000 0.000000 1.000000
0.985196 0.073413 0.154920 -0.109100 -0.041433 0.978845 -0.200366 27.807600 -0.166352 0.190981 0.967395 -1.195400 0.000000 0.000000 0.000000 1.000000
0.985353 0.072740 0.154236 -0.109100 -0.040381 0.978266 -0.203382 27.807600 -0.165678 0.194174 0.966875 -1.195400 0.000000 0.000000 0.000000 1.000000
0.985480 0.072586 0.153494 -0.109100 -0.039831 0.977619 -0.206581 27.807600 -0.165053 0.197467 0.966315 -1.195400 0.000000 0.000000 0.000000 1.000000
0.985571 0.072918 0.152753 -0.109100 -0.039715 0.976878 -0.210078 27.807600 -0.164539 0.200980 0.965678 -1.195400 0.000000 0.000000 0.000000 1.000000
0.985631 0.073139 0.152256 -0.109100 -0.039445 0.976135 -0.213554 27.807600 -0.164242 0.204480 0.964994 -1.195400 0.000000 0.000000 0.000000 1.000000
0.985678 0.072498 0.152257 -0.109100 -0.038362 0.975598 -0.216188 27.807600 -0.164215 0.207251 0.964407 -1.195400 0.000000 0.000000 0.000000 1.000000
0.985732 0.070604 0.152798 -0.109100 -0.036208 0.975465 -0.217156 27.807600 -0.164381 0.208526 0.964104 -1.195400 0.000000 0.000000 0.000000 1.000000
0.985800 0.067712 0.153664 -0.109100 -0.033294 0.975743 -0.216374 27.807600 -0.164587 0.208186 0.964142 -1.195400 0.000000 0.000000 0.000000 1.000000
0.985876 0.064560 0.154534 -0.109100 -0.030281 0.976220 -0.214657 27.807600 -0.164717 0.206946 0.964387 -1.195400 0.000000 0.000000 0.000000 1.000000
0.985947 0.061840 0.155191 -0.109100 -0.027738 0.976668 -0.212957 27.807600 -0.164739 0.205660 0.964658 -1.195400 0.000000 0.000000 0.000000 1.000000
0.986011 0.059709 0.155622 -0.109100 -0.025792 0.977046 -0.211462 27.807600 -0.164676 0.204490 0.964917 -1.195400 0.000000 0.000000 0.000000 1.000000
0.986068 0.057795 0.155976 -0.109100 -0.024146 0.977499 -0.209552 27.807600 -0.164578 0.202866 0.965277 -1.195400 0.000000 0.000000 0.000000 1.000000
0.986120 0.055660 0.156430 -0.109100 -0.022434 0.978164 -0.206622 27.807600 -0.164514 0.200245 0.965835 -1.195400 0.000000 0.000000 0.000000 1.000000
0.986155 0.053132 0.157083 -0.109100 -0.020481 0.979053 -0.202574 27.807600 -0.164556 0.196552 0.966586 -1.195400 0.000000 0.000000 0.000000 1.000000</float_array><technique_common><accessor source="#mixamorig_Spine2-Matrix-animation-output-transform-array" count="32" stride="16"><param type="float4x4"/></accessor></technique_common></source><source id="mixamorig_Spine2-Interpolations"><Name_array id="mixamorig_Spine2-Interpolations-array" count="32">
 LINEAR LINEAR LINEAR LINEAR LINEAR LINEAR LINEAR LINEAR LINEAR LINEAR LINEAR
LINEAR LINEAR LINEAR LINEAR LINEAR LINEAR LINEAR LINEAR LINEAR LINEAR LINEAR LINEAR
LINEAR LINEAR LINEAR LINEAR LINEAR LINEAR LINEAR LINEAR LINEAR</Name_array><technique_common><accessor source="#mixamorig_Spine2-Interpolations-array" count="32"><param type="name"/></accessor></technique_common></source><sampler id="mixamorig_Spine2-Matrix-animation-transform"><input semantic="INPUT" source="#mixamorig_Spine2-Matrix-animation-input"/><input semantic="OUTPUT" source="#mixamorig_Spine2-Matrix-animation-output-transform"/><input semantic="INTERPOLATION" source="#mixamorig_Spine2-Interpolations"/></sampler><channel source="#mixamorig_Spine2-Matrix-animation-transform" target="mixamorig_Spine2/matrix"/></animation>
    <animation id="mixamorig_Neck-anim" name="mixamorig_Neck"><source id="mixamorig_Neck-Matrix-animation-input"><float_array id="mixamorig_Neck-Matrix-animation-input-array" count="32">

0.000000 0.033333 0.066667 0.100000 0.133333 0.166667 0.200000 0.233333 0.266667 0.300000 0.333333 0.366667 0.400000 0.433333 0.466667 0.500000
0.533333 0.566667 0.600000 0.633333 0.666667 0.700000 0.733333 0.766667 0.800000 0.833333 0.866667 0.900000 0.933333 0.966667 1.000000 1.033333</float_array><technique_common><accessor source="#mixamorig_Neck-Matrix-animation-input-array" count="32"><param name="TIME" type="float"/></accessor></technique_common></source><source id="mixamorig_Neck-Matrix-animation-output-transform"><float_array id="mixamorig_Neck-Matrix-animation-output-transform-array" count="512">

0.999747 -0.003600 -0.022215 0.573000 0.005257 0.997169 0.075014 31.061899 0.021882 -0.075112 0.996935 3.761700 0.000000 0.000000 0.000000 1.000000
0.999966 0.003323 -0.007564 0.573000 -0.002672 0.996421 0.084490 31.061899 0.007818 -0.084467 0.996396 3.761700 0.000000 0.000000 0.000000 1.000000
0.999866 0.015982 0.003656 0.573000 -0.016274 0.994572 0.102772 31.061899 -0.001994 -0.102817 0.994698 3.761700 0.000000 0.000000 0.000000 1.000000
0.999323 0.035087 0.011087 0.573000 -0.036215 0.991180 0.127475 31.061899 -0.006517 -0.127790 0.991780 3.761700 0.000000 0.000000 0.000000 1.000000
0.998232 0.057737 0.014149 0.573000 -0.059215 0.986725 0.151219 31.061899 -0.005230 -0.151789 0.988399 3.761700 0.000000 0.000000 0.000000 1.000000
0.996870 0.078140 0.012057 0.573000 -0.079058 0.983184 0.164620 31.061899 0.001009 -0.165058 0.986283 3.761700 0.000000 0.000000 0.000000 1.000000
0.995787 0.091582 0.004561 0.573000 -0.091097 0.982396 0.163093 31.061899 0.010456 -0.162821 0.986600 3.761700 0.000000 0.000000 0.000000 1.000000
0.995277 0.096815 -0.007126 0.573000 -0.094664 0.984182 0.149746 31.061899 0.021511 -0.148364 0.988699 3.761700 0.000000 0.000000 0.000000 1.000000
0.995227 0.095358 -0.020731 0.573000 -0.091816 0.986978 0.132077 31.061899 0.033056 -0.129543 0.991023 3.761700 0.000000 0.000000 0.000000 1.000000
0.995361 0.089959 -0.034120 0.573000 -0.085451 0.989544 0.116194 31.061899 0.044216 -0.112739 0.992640 3.761700 0.000000 0.000000 0.000000 1.000000
0.995396 0.084146 -0.045894 0.573000 -0.078995 0.991396 0.104377 31.061899 0.054282 -0.100271 0.993478 3.761700 0.000000 0.000000 0.000000 1.000000
0.995118 0.081806 -0.055207 0.573000 -0.076207 0.992376 0.096863 31.061899 0.062710 -0.092183 0.993765 3.761700 0.000000 0.000000 0.000000 1.000000
0.994434 0.085518 -0.061540 0.573000 -0.079561 0.992437 0.093487 31.061899 0.069070 -0.088070 0.993717 3.761700 0.000000 0.000000 0.000000 1.000000
0.993372 0.094984 -0.064737 0.573000 -0.088769 0.991709 0.092920 31.061899 0.073026 -0.086558 0.993567 3.761700 0.000000 0.000000 0.000000 1.000000
0.992079 0.107406 -0.065134 0.573000 -0.101184 0.990577 0.092298 31.061899 0.074433 -0.084977 0.993599 3.761700 0.000000 0.000000 0.000000 1.000000
0.990834 0.119120 -0.063701 0.573000 -0.113210 0.989532 0.089496 31.061899 0.073695 -0.081465 0.993948 3.761700 0.000000 0.000000 0.000000 1.000000
0.990002 0.126692 -0.062011 0.573000 -0.121194 0.988932 0.085587 31.061899 0.072168 -0.077216 0.994399 3.761700 0.000000 0.000000 0.000000 1.000000
0.989918 0.127482 -0.061729 0.573000 -0.122121 0.988955 0.083985 31.061899 0.071754 -0.075600 0.994553 3.761700 0.000000 0.000000 0.000000 1.000000
0.990656 0.120512 -0.063851 0.573000 -0.114771 0.989572 0.087033 31.061899 0.073674 -0.078892 0.994157 3.761700 0.000000 0.000000 0.000000 1.000000
0.991890 0.107192 -0.068293 0.573000 -0.100581 0.990494 0.093839 31.061899 0.077702 -0.086209 0.993242 3.761700 0.000000 0.000000 0.000000 1.000000
0.993112 0.090783 -0.074070 0.573000 -0.083067 0.991379 0.101328 31.061899 0.082630 -0.094477 0.992092 3.761700 0.000000 0.000000 0.000000 1.000000
0.994017 0.074751 -0.079646 0.573000 -0.066045 0.992082 0.106828 31.061899 0.087001 -0.100929 0.991082 3.761700 0.000000 0.000000 0.000000 1.000000
0.994643 0.061347 -0.083201 0.573000 -0.052053 0.992611 0.109607 31.061899 0.089310 -0.104689 0.990487 3.761700 0.000000 0.000000 0.000000 1.000000
0.995226 0.051106 -0.083141 0.573000 -0.041758 0.992995 0.110530 31.061899 0.088207 -0.106530 0.990389 3.761700 0.000000 0.000000 0.000000 1.000000
0.995951 0.043017 -0.078932 0.573000 -0.034128 0.993269 0.110693 31.061899 0.083162 -0.107551 0.990715 3.761700 0.000000 0.000000 0.000000 1.000000
0.996817 0.035227 -0.071515 0.573000 -0.027198 0.993527 0.110292 31.061899 0.074937 -0.107996 0.991323 3.761700 0.000000 0.000000 0.000000 1.000000
0.997686 0.026369 -0.062670 0.573000 -0.019463 0.993922 0.108355 31.061899 0.065147 -0.106884 0.992135 3.761700 0.000000 0.000000 0.000000 1.000000
0.998411 0.016770 -0.053805 0.573000 -0.011135 0.994580 0.103378 31.061899 0.055247 -0.102615 0.993186 3.761700 0.000000 0.000000 0.000000 1.000000
0.998937 0.008229 -0.045356 0.573000 -0.003893 0.995481 0.094881 31.061899 0.045931 -0.094604 0.994455 3.761700 0.000000 0.000000 0.000000 1.000000
0.999304 0.002274 -0.037234 0.573000 0.000896 0.996388 0.084909 31.061899 0.037292 -0.084883 0.995693 3.761700 0.000000 0.000000 0.000000 1.000000
0.999565 -0.001234 -0.029452 0.573000 0.003507 0.997008 0.077222 31.061899 0.029269 -0.077292 0.996579 3.761700 0.000000 0.000000 0.000000 1.000000
0.999747 -0.003600 -0.022215 0.573000 0.005257 0.997169 0.075013 31.061899 0.021882 -0.075111 0.996935 3.761700 0.000000 0.000000 0.000000 1.000000</float_array><technique_common><accessor source="#mixamorig_Neck-Matrix-animation-output-transform-array" count="32" stride="16"><param type="float4x4"/></accessor></technique_common></source><source id="mixamorig_Neck-Interpolations"><Name_array id="mixamorig_Neck-Interpolations-array" count="32">
 LINEAR LINEAR LINEAR LINEAR LINEAR LINEAR LINEAR LINEAR LINEAR LINEAR LINEAR
LINEAR LINEAR LINEAR LINEAR LINEAR LINEAR LINEAR LINEAR LINEAR LINEAR LINEAR LINEAR
LINEAR LINEAR LINEAR LINEAR LINEAR LINEAR LINEAR LINEAR LINEAR</Name_array><technique_common><accessor source="#mixamorig_Neck-Interpolations-array" count="32"><param type="name"/></accessor></technique_common></source><sampler id="mixamorig_Neck-Matrix-animation-transform"><input semantic="INPUT" source="#mixamorig_Neck-Matrix-animation-input"/><input semantic="OUTPUT" source="#mixamorig_Neck-Matrix-animation-output-transform"/><input semantic="INTERPOLATION" source="#mixamorig_Neck-Interpolations"/></sampler><channel source="#mixamorig_Neck-Matrix-animation-transform" target="mixamorig_Neck/matrix"/></animation>
    <animation id="mixamorig_Head-anim" name="mixamorig_Head"><source id="mixamorig_Head-Matrix-animation-input"><float_array id="mixamorig_Head-Matrix-animation-input-array" count="32">

0.000000 0.033333 0.066667 0.100000 0.133333 0.166667 0.200000 0.233333 0.266667 0.300000 0.333333 0.366667 0.400000 0.433333 0.466667 0.500000
0.533333 0.566667 0.600000 0.633333 0.666667 0.700000 0.733333 0.766667 0.800000 0.833333 0.866667 0.900000 0.933333 0.966667 1.000000 1.033333</float_array><technique_common><accessor source="#mixamorig_Head-Matrix-animation-input-array" count="32"><param name="TIME" type="float"/></accessor></technique_common></source><source id="mixamorig_Head-Matrix-animation-output-transform"><float_array id="mixamorig_Head-Matrix-animation-output-transform-array" count="512">

0.937032 0.006168 0.349190 1.041900 -0.044691 0.993742 0.102370 22.231001 -0.346373 -0.111530 0.931443 6.513500 0.000000 0.000000 0.000000 1.000000
0.938339 0.010309 0.345564 1.041900 -0.044000 0.994988 0.089794 22.231001 -0.342906 -0.099462 0.934089 6.513500 0.000000 0.000000 0.000000 1.000000
0.949579 0.014276 0.313202 1.041900 -0.038650 0.996673 0.071754 22.231001 -0.311136 -0.080241 0.946972 6.513500 0.000000 0.000000 0.000000 1.000000
0.966640 0.015349 0.255680 1.041900 -0.029696 0.998187 0.052346 22.231001 -0.254414 -0.058192 0.965343 6.513500 0.000000 0.000000 0.000000 1.000000
0.983717 0.015036 0.179096 1.041900 -0.021731 0.999134 0.035476 22.231001 -0.178408 -0.038790 0.983192 6.513500 0.000000 0.000000 0.000000 1.000000
0.995619 0.018137 0.091728 1.041900 -0.020421 0.999503 0.024025 22.231001 -0.091247 -0.025793 0.995494 6.513500 0.000000 0.000000 0.000000 1.000000
0.999618 0.027611 0.001454 1.041900 -0.027633 0.999445 0.018595 22.231001 -0.000939 -0.018628 0.999826 6.513500 0.000000 0.000000 0.000000 1.000000
0.995468 0.042018 -0.085313 1.041900 -0.040695 0.999024 0.017192 22.231001 0.085952 -0.013642 0.996206 6.513500 0.000000 0.000000 0.000000 1.000000
0.984922 0.057601 -0.163125 1.041900 -0.055479 0.998306 0.017539 22.231001 0.163859 -0.008225 0.986449 6.513500 0.000000 0.000000 0.000000 1.000000
0.971260 0.071006 -0.227183 1.041900 -0.068360 0.997470 0.019504 22.231001 0.227993 -0.003414 0.973657 6.513500 0.000000 0.000000 0.000000 1.000000
0.958542 0.079167 -0.273733 1.041900 -0.075537 0.996859 0.023794 22.231001 0.274757 -0.002130 0.961511 6.513500 0.000000 0.000000 0.000000 1.000000
0.950697 0.078400 -0.300048 1.041900 -0.073001 0.996905 0.029180 22.231001 0.301407 -0.005838 0.953478 6.513500 0.000000 0.000000 0.000000 1.000000
0.950562 0.065959 -0.303449 1.041900 -0.058100 0.997702 0.034866 22.231001 0.305051 -0.015512 0.952210 6.513500 0.000000 0.000000 0.000000 1.000000
0.956947 0.044749 -0.286791 1.041900 -0.033879 0.998511 0.042754 22.231001 0.288277 -0.031197 0.957039 6.513500 0.000000 0.000000 0.000000 1.000000
0.966793 0.021553 -0.254651 1.041900 -0.007336 0.998367 0.056645 22.231001 0.255456 -0.052896 0.965373 6.513500 0.000000 0.000000 0.000000 1.000000
0.977327 0.002598 -0.211721 1.041900 0.014331 0.996820 0.078388 22.231001 0.211251 -0.079645 0.974181 6.513500 0.000000 0.000000 0.000000 1.000000
0.986395 -0.009023 -0.164147 1.041900 0.026387 0.994236 0.103913 22.231001 0.162264 -0.106831 0.980947 6.513500 0.000000 0.000000 0.000000 1.000000
0.992742 -0.013125 -0.119543 1.041900 0.028204 0.991713 0.125336 22.231001 0.116907 -0.127798 0.984886 6.513500 0.000000 0.000000 0.000000 1.000000
0.996430 -0.011257 -0.083672 1.041900 0.022698 0.990301 0.137069 22.231001 0.081317 -0.138479 0.987021 6.513500 0.000000 0.000000 0.000000 1.000000
0.998837 -0.008696 -0.047421 1.041900 0.015383 0.989674 0.142512 22.231001 0.045692 -0.143076 0.988656 6.513500 0.000000 0.000000 0.000000 1.000000
0.999929 -0.006911 -0.009728 1.041900 0.008250 0.989378 0.145134 22.231001 0.008622 -0.145204 0.989364 6.513500 0.000000 0.000000 0.000000 1.000000
0.999570 -0.005873 0.028732 1.041900 0.001592 0.989162 0.146823 22.231001 -0.029283 -0.146714 0.988745 6.513500 0.000000 0.000000 0.000000 1.000000
0.997687 -0.005492 0.067751 1.041900 -0.004543 0.989114 0.147084 22.231001 -0.067821 -0.147051 0.986801 6.513500 0.000000 0.000000 0.000000 1.000000
0.994199 -0.005888 0.107398 1.041900 -0.009700 0.989522 0.144053 22.231001 -0.107121 -0.144259 0.983725 6.513500 0.000000 0.000000 0.000000 1.000000
0.989017 -0.006886 0.147640 1.041900 -0.013532 0.990500 0.136845 22.231001 -0.147180 -0.137340 0.979528 6.513500 0.000000 0.000000 0.000000 1.000000
0.982142 -0.007513 0.187990 1.041900 -0.016727 0.991759 0.127023 22.231001 -0.187395 -0.127900 0.973922 6.513500 0.000000 0.000000 0.000000 1.000000
0.973791 -0.006449 0.227352 1.041900 -0.020940 0.992810 0.117852 22.231001 -0.226478 -0.119524 0.966655 6.513500 0.000000 0.000000 0.000000 1.000000
0.964497 -0.003200 0.264076 1.041900 -0.027397 0.993319 0.112103 22.231001 -0.262671 -0.115358 0.957965 6.513500 0.000000 0.000000 0.000000 1.000000
0.955132 0.001222 0.296179 1.041900 -0.035445 0.993277 0.110205 22.231001 -0.294053 -0.115758 0.948753 6.513500 0.000000 0.000000 0.000000 1.000000
0.946807 0.004909 0.321765 1.041900 -0.042507 0.993030 0.109929 22.231001 -0.318983 -0.117759 0.940416 6.513500 0.000000 0.000000 0.000000 1.000000
0.940545 0.006573 0.339607 1.041900 -0.045967 0.993079 0.108083 22.231001 -0.336546 -0.117267 0.934337 6.513500 0.000000 0.000000 0.000000 1.000000
0.937032 0.006168 0.349190 1.041900 -0.044690 0.993742 0.102371 22.231001 -0.346373 -0.111530 0.931443 6.513500 0.000000 0.000000 0.000000 1.000000</float_array><technique_common><accessor source="#mixamorig_Head-Matrix-animation-output-transform-array" count="32" stride="16"><param type="float4x4"/></accessor></technique_common></source><source id="mixamorig_Head-Interpolations"><Name_array id="mixamorig_Head-Interpolations-array" count="32">
 LINEAR LINEAR LINEAR LINEAR LINEAR LINEAR LINEAR LINEAR LINEAR LINEAR LINEAR
LINEAR LINEAR LINEAR LINEAR LINEAR LINEAR LINEAR LINEAR LINEAR LINEAR LINEAR LINEAR
