<?xml version="1.0" encoding="utf-8"?>
<COLLADA xmlns="http://www.collada.org/2005/11/COLLADASchema" version="1.4.1">
  <asset><contributor><author>Mixamo</author><authoring_tool>COLLADA Mixamo exporter</authoring_tool><comments></comments></contributor><created>2018-12-19T00:43:07Z</created><modified>2018-12-19T00:43:07Z</modified><revision></revision><title></title><unit meter="0.010000"/><up_axis>Y_UP</up_axis></asset>
  <library_animations>
    <animation id="mixamorig_Hips-anim" name="mixamorig_Hips"><source id="mixamorig_Hips-Matrix-animation-input"><float_array id="mixamorig_Hips-Matrix-animation-input-array" count="70">

0.000000 0.033333 0.066667 0.100000 0.133333 0.166667 0.200000 0.233333 0.266667 0.300000 0.333333 0.366667 0.400000 0.433333 0.466667 0.500000
0.533333 0.566667 0.600000 0.633333 0.666667 0.700000 0.733333 0.766667 0.800000 0.833333 0.866667 0.900000 0.933333 0.966667 1.000000 1.033333
1.066667 1.100000 1.133333 1.166667 1.200000 1.233333 1.266667 1.300000 1.333333 1.366667 1.400000 1.433333 1.466667 1.500000 1.533333 1.566667
1.600000 1.633333 1.666667 1.700000 1.733333 1.766667 1.800000 1.833333 1.866667 1.900000 1.933333 1.966667 2.000000 2.033333 2.066667 2.100000
2.133333 2.166667 2.200000 2.233333 2.266667 2.300000</float_array><technique_common><accessor source="#mixamorig_Hips-Matrix-animation-input-array" count="70"><param name="TIME" type="float"/></accessor></technique_common></source><source id="mixamorig_Hips-Matrix-animation-output-transform"><float_array id="mixamorig_Hips-Matrix-animation-output-transform-array" count="1120">

0.083887 -0.007722 -0.996445 -5.015411 0.020336 0.999775 -0.006036 201.810043 0.996268 -0.019757 0.084025 -0.180096 0.000000 0.000000 0.000000 1.000000
0.104758 -0.009429 -0.994453 -4.660591 0.018351 0.999803 -0.007547 201.729233 0.994328 -0.017459 0.104910 -0.136093 0.000000 0.000000 0.000000 1.000000
0.127847 -0.011601 -0.991726 -4.289184 0.014962 0.999840 -0.009767 201.640457 0.991681 -0.013590 0.128000 -0.068761 0.000000 0.000000 0.000000 1.000000
0.153010 -0.014343 -0.988121 -3.930129 0.011297 0.999855 -0.012764 201.545502 0.988160 -0.009210 0.153149 0.049860 0.000000 0.000000 0.000000 1.000000
0.180196 -0.018199 -0.983462 -3.572163 0.008346 0.999821 -0.016973 201.443115 0.983595 -0.005149 0.180316 0.212554 0.000000 0.000000 0.000000 1.000000
0.209972 -0.023750 -0.977419 -3.231013 0.006164 0.999717 -0.022967 201.325745 0.977688 -0.001202 0.210059 0.402580 0.000000 0.000000 0.000000 1.000000
0.243454 -0.031087 -0.969414 -2.946126 0.003929 0.999510 -0.031065 201.186569 0.969905 0.003754 0.243457 0.642327 0.000000 0.000000 0.000000 1.000000
0.281621 -0.039306 -0.958720 -2.688568 0.000435 0.999166 -0.040837 200.993042 0.959526 0.011084 0.281403 0.966852 0.000000 0.000000 0.000000 1.000000
0.324234 -0.045998 -0.944858 -2.326753 -0.005868 0.998700 -0.050633 200.664520 0.945959 0.021961 0.323543 1.461684 0.000000 0.000000 0.000000 1.000000
0.368240 -0.048914 -0.928443 -1.838138 -0.016094 0.998130 -0.058969 200.115356 0.929591 0.036657 0.366764 2.129327 0.000000 0.000000 0.000000 1.000000
0.407622 -0.048769 -0.911847 -1.216675 -0.029717 0.997335 -0.066625 199.326538 0.912667 0.054256 0.405087 3.083759 0.000000 0.000000 0.000000 1.000000
0.437025 -0.048323 -0.898151 -0.543367 -0.045378 0.996100 -0.075673 198.367416 0.898304 0.073827 0.433127 4.358485 0.000000 0.000000 0.000000 1.000000
0.457547 -0.048985 -0.887835 -0.008763 -0.063857 0.994093 -0.087756 197.310211 0.886890 0.096847 0.451716 6.207096 0.000000 0.000000 0.000000 1.000000
0.478891 -0.051285 -0.876375 0.172353 -0.085121 0.990876 -0.104499 196.307922 0.873738 0.124641 0.470156 8.958524 0.000000 0.000000 0.000000 1.000000
0.512562 -0.056511 -0.856789 0.100112 -0.100428 0.987038 -0.125181 195.444794 0.852757 0.150209 0.500243 12.783299 0.000000 0.000000 0.000000 1.000000
0.561292 -0.064394 -0.825109 0.271185 -0.098427 0.984699 -0.143806 195.004028 0.821744 0.161930 0.546366 18.008574 0.000000 0.000000 0.000000 1.000000
0.615779 -0.072888 -0.784540 1.134893 -0.078257 0.985131 -0.152947 195.158066 0.784023 0.155577 0.600919 24.266384 0.000000 0.000000 0.000000 1.000000
0.660483 -0.081012 -0.746458 3.153961 -0.050928 0.987039 -0.152185 196.207901 0.749112 0.138531 0.647797 31.012327 0.000000 0.000000 0.000000 1.000000
0.682270 -0.095730 -0.724806 5.500122 -0.018728 0.988777 -0.148223 198.571152 0.730860 0.114703 0.672820 37.744621 0.000000 0.000000 0.000000 1.000000
0.676053 -0.121964 -0.726689 6.947037 0.020252 0.988909 -0.147132 202.730148 0.736574 0.084752 0.671025 44.175865 0.000000 0.000000 0.000000 1.000000
0.640806 -0.160545 -0.750728 7.427685 0.076235 0.986363 -0.145864 208.004654 0.763908 0.036239 0.644306 49.475418 0.000000 0.000000 0.000000 1.000000
0.576574 -0.195890 -0.793215 7.058627 0.150444 0.979687 -0.132586 213.473145 0.803075 -0.042888 0.594333 53.028423 0.000000 0.000000 0.000000 1.000000
0.489171 -0.210651 -0.846367 6.232641 0.239017 0.965623 -0.102190 216.449097 0.838798 -0.152308 0.522704 54.885193 0.000000 0.000000 0.000000 1.000000
0.391190 -0.198710 -0.898602 5.166740 0.338056 0.939178 -0.060517 216.358215 0.855972 -0.280104 0.434572 55.303696 0.000000 0.000000 0.000000 1.000000
0.295810 -0.161203 -0.941547 4.449209 0.439677 0.898020 -0.015615 213.896362 0.848045 -0.409357 0.336521 55.284355 0.000000 0.000000 0.000000 1.000000
0.213491 -0.113696 -0.970307 4.030304 0.528441 0.848803 0.016811 209.922867 0.821688 -0.516339 0.241294 55.762062 0.000000 0.000000 0.000000 1.000000
0.149859 -0.097103 -0.983927 3.470420 0.601897 0.798470 0.012873 206.115036 0.784386 -0.594152 0.178105 56.009274 0.000000 0.000000 0.000000 1.000000
0.107440 -0.144915 -0.983594 3.472783 0.652197 0.756978 -0.040287 202.283173 0.750397 -0.637169 0.175843 56.452385 0.000000 0.000000 0.000000 1.000000
0.081434 -0.244601 -0.966198 4.133745 0.683806 0.718984 -0.124384 198.692261 0.725105 -0.650563 0.225809 56.950611 0.000000 0.000000 0.000000 1.000000
0.067453 -0.346440 -0.935644 5.745701 0.708843 0.676590 -0.199418 195.979584 0.702133 -0.649773 0.291210 58.198898 0.000000 0.000000 0.000000 1.000000
0.060824 -0.404811 -0.912375 8.163167 0.733706 0.637865 -0.234100 194.059814 0.676739 -0.655177 0.335810 59.540516 0.000000 0.000000 0.000000 1.000000
0.059672 -0.409867 -0.910192 10.478801 0.749584 0.620554 -0.230298 193.083771 0.659214 -0.668522 0.344259 61.410568 0.000000 0.000000 0.000000 1.000000
0.058479 -0.377411 -0.924198 11.098658 0.742218 0.635551 -0.212574 193.380356 0.667602 -0.673525 0.317287 65.738319 0.000000 0.000000 0.000000 1.000000
0.054128 -0.330449 -0.942271 9.956277 0.708990 0.677212 -0.196767 194.732758 0.703138 -0.657410 0.270941 72.619354 0.000000 0.000000 0.000000 1.000000
0.051688 -0.286848 -0.956581 7.750815 0.654177 0.733469 -0.184596 196.000732 0.754574 -0.616231 0.225561 80.117043 0.000000 0.000000 0.000000 1.000000
0.059795 -0.249775 -0.966456 5.404669 0.588241 0.791034 -0.168043 197.006851 0.806472 -0.558461 0.194228 86.064796 0.000000 0.000000 0.000000 1.000000
0.077846 -0.212791 -0.973992 3.488526 0.519553 0.842467 -0.142531 198.135376 0.850885 -0.494944 0.176139 90.218575 0.000000 0.000000 0.000000 1.000000
0.094673 -0.172826 -0.980392 2.563895 0.449121 0.886313 -0.112872 198.973251 0.888441 -0.429628 0.161530 93.663048 0.000000 0.000000 0.000000 1.000000
0.098714 -0.133577 -0.986110 2.135274 0.378081 0.921675 -0.087002 199.249115 0.920494 -0.364241 0.141485 97.057907 0.000000 0.000000 0.000000 1.000000
0.087745 -0.100321 -0.991079 1.562322 0.309023 0.948573 -0.068659 198.843353 0.946998 -0.300242 0.114234 100.797546 0.000000 0.000000 0.000000 1.000000
0.067950 -0.075297 -0.994843 0.755374 0.243912 0.968143 -0.056616 197.846970 0.967414 -0.238807 0.084151 105.042625 0.000000 0.000000 0.000000 1.000000
0.049397 -0.055322 -0.997246 -0.151128 0.189381 0.980871 -0.045032 196.863159 0.980660 -0.186635 0.058929 109.150284 0.000000 0.000000 0.000000 1.000000
0.041188 -0.035515 -0.998520 -0.857064 0.153322 0.987756 -0.028807 196.596054 0.987318 -0.151908 0.046129 112.461723 0.000000 0.000000 0.000000 1.000000
0.045119 -0.015490 -0.998862 -1.090401 0.128304 0.991689 -0.009583 196.514786 0.990708 -0.127726 0.046731 115.547997 0.000000 0.000000 0.000000 1.000000
0.053066 0.002039 -0.998589 -1.198560 0.107549 0.994170 0.007746 196.646378 0.992783 -0.107808 0.052537 118.573502 0.000000 0.000000 0.000000 1.000000
0.055248 0.014302 -0.998370 -1.346861 0.091810 0.995589 0.019342 197.216187 0.994243 -0.092729 0.053692 121.408554 0.000000 0.000000 0.000000 1.000000
0.049646 0.020513 -0.998556 -1.497091 0.081743 0.996351 0.024531 197.907990 0.995416 -0.082843 0.047788 123.987976 0.000000 0.000000 0.000000 1.000000
0.043618 0.023168 -0.998780 -1.646238 0.076614 0.996709 0.026466 198.566116 0.996106 -0.077675 0.041700 126.191803 0.000000 0.000000 0.000000 1.000000
0.042756 0.025022 -0.998772 -1.748446 0.071628 0.997037 0.028045 199.129959 0.996515 -0.072739 0.040837 128.064484 0.000000 0.000000 0.000000 1.000000
0.044718 0.026562 -0.998646 -1.774637 0.065950 0.997387 0.029482 199.647354 0.996820 -0.067179 0.042850 129.676453 0.000000 0.000000 0.000000 1.000000
0.044634 0.026604 -0.998649 -1.821979 0.060159 0.997760 0.029270 200.073517 0.997190 -0.061384 0.042934 131.068237 0.000000 0.000000 0.000000 1.000000
0.041325 0.024289 -0.998850 -1.915238 0.055088 0.998128 0.026551 200.404053 0.997626 -0.056122 0.039910 132.222519 0.000000 0.000000 0.000000 1.000000
0.038320 0.020588 -0.999053 -1.984443 0.050487 0.998471 0.022512 200.655563 0.997989 -0.051302 0.037222 133.179413 0.000000 0.000000 0.000000 1.000000
0.038940 0.016580 -0.999104 -2.021366 0.046267 0.998760 0.018378 200.890106 0.998170 -0.046942 0.038125 133.991348 0.000000 0.000000 0.000000 1.000000
0.044230 0.012200 -0.998947 -2.103527 0.042845 0.998982 0.014098 201.087936 0.998102 -0.043423 0.043662 134.679062 0.000000 0.000000 0.000000 1.000000
0.051929 0.007539 -0.998622 -2.276175 0.040337 0.999140 0.009641 201.233566 0.997836 -0.040783 0.051580 135.199020 0.000000 0.000000 0.000000 1.000000
0.059625 0.003380 -0.998215 -2.521654 0.038589 0.999239 0.005689 201.328979 0.997475 -0.038859 0.059450 135.601379 0.000000 0.000000 0.000000 1.000000
0.065384 0.000403 -0.997860 -2.744495 0.037220 0.999303 0.002842 201.399445 0.997166 -0.037326 0.065323 135.925812 0.000000 0.000000 0.000000 1.000000
0.068800 -0.001426 -0.997629 -2.938141 0.035966 0.999352 0.001052 201.453308 0.996982 -0.035953 0.068807 136.179535 0.000000 0.000000 0.000000 1.000000
0.070776 -0.002363 -0.997489 -3.106805 0.034485 0.999405 0.000080 201.501755 0.996896 -0.034404 0.070816 136.373047 0.000000 0.000000 0.000000 1.000000
0.072432 -0.002591 -0.997370 -3.278999 0.032637 0.999467 -0.000226 201.546387 0.996839 -0.032534 0.072478 136.542816 0.000000 0.000000 0.000000 1.000000
0.074400 -0.002604 -0.997225 -3.475269 0.030338 0.999540 -0.000347 201.596207 0.996767 -0.030228 0.074445 136.689087 0.000000 0.000000 0.000000 1.000000
0.076586 -0.003056 -0.997058 -3.724011 0.027919 0.999610 -0.000919 201.650818 0.996672 -0.027766 0.076641 136.805405 0.000000 0.000000 0.000000 1.000000
0.078692 -0.004153 -0.996890 -4.008801 0.025833 0.999664 -0.002125 201.702209 0.996564 -0.025585 0.078772 136.914886 0.000000 0.000000 0.000000 1.000000
0.080461 -0.005354 -0.996743 -4.303811 0.024256 0.999700 -0.003412 201.737885 0.996463 -0.023902 0.080567 136.999557 0.000000 0.000000 0.000000 1.000000
0.081713 -0.006109 -0.996637 -4.552645 0.023144 0.999723 -0.004230 201.765976 0.996387 -0.022720 0.081832 137.080994 0.000000 0.000000 0.000000 1.000000
0.082520 -0.006392 -0.996569 -4.733956 0.022262 0.999742 -0.004569 201.786713 0.996341 -0.021809 0.082641 137.137222 0.000000 0.000000 0.000000 1.000000
0.083079 -0.006608 -0.996521 -4.859545 0.021511 0.999757 -0.004836 201.802216 0.996311 -0.021034 0.083201 137.201080 0.000000 0.000000 0.000000 1.000000
0.083529 -0.007035 -0.996481 -4.944275 0.020867 0.999768 -0.005309 201.810059 0.996287 -0.020350 0.083656 137.265823 0.000000 0.000000 0.000000 1.000000
0.083887 -0.007722 -0.996445 -5.015416 0.020335 0.999775 -0.006036 201.810059 0.996268 -0.019757 0.084026 137.332443 0.000000 0.000000 0.000000 1.000000</float_array><technique_common><accessor source="#mixamorig_Hips-Matrix-animation-output-transform-array" count="70" stride="16"><param type="float4x4"/></accessor></technique_common></source><source id="mixamorig_Hips-Interpolations"><Name_array id="mixamorig_Hips-Interpolations-array" count="70">
 LINEAR LINEAR LINEAR LINEAR LINEAR LINEAR LINEAR LINEAR LINEAR LINEAR LINEAR
LINEAR LINEAR LINEAR LINEAR LINEAR LINEAR LINEAR LINEAR LINEAR LINEAR LINEAR LINEAR
LINEAR LINEAR LINEAR LINEAR LINEAR LINEAR LINEAR LINEAR LINEAR LINEAR LINEAR LINEAR
LINEAR LINEAR LINEAR LINEAR LINEAR LINEAR LINEAR LINEAR LINEAR LINEAR LINEAR LINEAR
LINEAR LINEAR LINEAR LINEAR LINEAR LINEAR LINEAR LINEAR LINEAR LINEAR LINEAR LINEAR
LINEAR LINEAR LINEAR LINEAR LINEAR LINEAR LINEAR LINEAR LINEAR LINEAR LINEAR</Name_array><technique_common><accessor source="#mixamorig_Hips-Interpolations-array" count="70"><param type="name"/></accessor></technique_common></source><sampler id="mixamorig_Hips-Matrix-animation-transform"><input semantic="INPUT" source="#mixamorig_Hips-Matrix-animation-input"/><input semantic="OUTPUT" source="#mixamorig_Hips-Matrix-animation-output-transform"/><input semantic="INTERPOLATION" source="#mixamorig_Hips-Interpolations"/></sampler><channel source="#mixamorig_Hips-Matrix-animation-transform" target="mixamorig_Hips/matrix"/></animation>
    <animation id="mixamorig_Spine-anim" name="mixamorig_Spine"><source id="mixamorig_Spine-Matrix-animation-input"><float_array id="mixamorig_Spine-Matrix-animation-input-array" count="70">

0.000000 0.033333 0.066667 0.100000 0.133333 0.166667 0.200000 0.233333 0.266667 0.300000 0.333333 0.366667 0.400000 0.433333 0.466667 0.500000
0.533333 0.566667 0.600000 0.633333 0.666667 0.700000 0.733333 0.766667 0.800000 0.833333 0.866667 0.900000 0.933333 0.966667 1.000000 1.033333
1.066667 1.100000 1.133333 1.166667 1.200000 1.233333 1.266667 1.300000 1.333333 1.366667 1.400000 1.433333 1.466667 1.500000 1.533333 1.566667
1.600000 1.633333 1.666667 1.700000 1.733333 1.766667 1.800000 1.833333 1.866667 1.900000 1.933333 1.966667 2.000000 2.033333 2.066667 2.100000
2.133333 2.166667 2.200000 2.233333 2.266667 2.300000</float_array><technique_common><accessor source="#mixamorig_Spine-Matrix-animation-input-array" count="70"><param name="TIME" type="float"/></accessor></technique_common></source><source id="mixamorig_Spine-Matrix-animation-output-transform"><float_array id="mixamorig_Spine-Matrix-animation-output-transform-array" count="1120">

0.998721 -0.036967 0.034480 -0.200200 0.038059 0.998777 -0.031553 19.804701 -0.033271 0.032825 0.998907 -3.890100 0.000000 0.000000 0.000000 1.000000
0.998864 -0.034351 0.033025 -0.200200 0.035361 0.998909 -0.030488 19.804701 -0.031941 0.031621 0.998989 -3.890100 0.000000 0.000000 0.000000 1.000000
0.998986 -0.031990 0.031675 -0.200200 0.032917 0.999032 -0.029197 19.804701 -0.030710 0.030210 0.999072 -3.890100 0.000000 0.000000 0.000000 1.000000
0.999094 -0.029783 0.030398 -0.200200 0.030633 0.999141 -0.027903 19.804701 -0.029541 0.028809 0.999148 -3.890100 0.000000 0.000000 0.000000 1.000000
0.999201 -0.027323 0.029182 -0.200200 0.028103 0.999249 -0.026670 19.804701 -0.028431 0.027469 0.999218 -3.890100 0.000000 0.000000 0.000000 1.000000
0.999317 -0.024130 0.027988 -0.200200 0.024840 0.999371 -0.025302 19.804701 -0.027360 0.025980 0.999288 -3.890100 0.000000 0.000000 0.000000 1.000000
0.999443 -0.020024 0.026687 -0.200200 0.020654 0.999509 -0.023551 19.804701 -0.026203 0.024089 0.999366 -3.890100 0.000000 0.000000 0.000000 1.000000
0.999565 -0.015357 0.025176 -0.200200 0.015897 0.999644 -0.021417 19.804701 -0.024838 0.021808 0.999454 -3.890100 0.000000 0.000000 0.000000 1.000000
0.999658 -0.010892 0.023779 -0.200200 0.011351 0.999750 -0.019277 19.804701 -0.023564 0.019541 0.999531 -3.890100 0.000000 0.000000 0.000000 1.000000
0.999699 -0.007170 0.023465 -0.200200 0.007591 0.999811 -0.017892 19.804701 -0.023332 0.018065 0.999565 -3.890100 0.000000 0.000000 0.000000 1.000000
0.999673 -0.003913 0.025273 -0.200200 0.004372 0.999826 -0.018124 19.804701 -0.025198 0.018228 0.999516 -3.890100 0.000000 0.000000 0.000000 1.000000
0.999566 -0.000000 0.029462 -0.200200 0.000592 0.999798 -0.020085 19.804701 -0.029456 0.020093 0.999364 -3.890100 0.000000 0.000000 0.000000 1.000000
0.999377 0.004980 0.034941 -0.200200 -0.004205 0.999744 -0.022219 19.804701 -0.035042 0.022058 0.999142 -3.890100 0.000000 0.000000 0.000000 1.000000
0.999194 0.010043 0.038877 -0.200200 -0.009182 0.999710 -0.022249 19.804701 -0.039089 0.021874 0.998996 -3.890100 0.000000 0.000000 0.000000 1.000000
0.999196 0.014368 0.037440 -0.200200 -0.013621 0.999704 -0.020136 19.804701 -0.037718 0.019610 0.999096 -3.890100 0.000000 0.000000 0.000000 1.000000
0.999466 0.015925 0.028523 -0.200200 -0.015406 0.999714 -0.018305 19.804701 -0.028806 0.017855 0.999426 -3.890100 0.000000 0.000000 0.000000 1.000000
0.999834 0.012403 0.013310 -0.200200 -0.012148 0.999744 -0.019073 19.804701 -0.013543 0.018908 0.999730 -3.890100 0.000000 0.000000 0.000000 1.000000
0.999987 -0.001205 -0.004929 -0.200200 0.001098 0.999764 -0.021688 19.804701 0.004954 0.021683 0.999753 -3.890100 0.000000 0.000000 0.000000 1.000000
0.999480 -0.022253 -0.023315 -0.200200 0.021726 0.999508 -0.022640 19.804701 0.023807 0.022122 0.999472 -3.890100 0.000000 0.000000 0.000000 1.000000
0.998164 -0.046232 -0.039122 -0.200200 0.045548 0.998797 -0.018188 19.804701 0.039916 0.016373 0.999069 -3.890100 0.000000 0.000000 0.000000 1.000000
0.997013 -0.059684 -0.049017 -0.200200 0.059277 0.998194 -0.009719 19.804701 0.049509 0.006785 0.998751 -3.890100 0.000000 0.000000 0.000000 1.000000
0.997052 -0.059252 -0.048742 -0.200200 0.059134 0.998243 -0.003854 19.804701 0.048885 0.000961 0.998804 -3.890100 0.000000 0.000000 0.000000 1.000000
0.998256 -0.045286 -0.037872 -0.200200 0.045052 0.998960 -0.007017 19.804701 0.038150 0.005299 0.999258 -3.890100 0.000000 0.000000 0.000000 1.000000
0.999652 -0.012967 -0.022971 -0.200200 0.012475 0.999693 -0.021418 19.804701 0.023242 0.021124 0.999507 -3.890100 0.000000 0.000000 0.000000 1.000000
0.999354 0.033695 -0.012531 -0.200200 -0.034233 0.998375 -0.045567 19.804701 0.010975 0.045966 0.998883 -3.890100 0.000000 0.000000 0.000000 1.000000
0.997764 0.066286 -0.008605 -0.200200 -0.066737 0.995127 -0.072580 19.804701 0.003752 0.072992 0.997325 -3.890100 0.000000 0.000000 0.000000 1.000000
0.997687 0.067720 -0.005855 -0.200200 -0.067971 0.993581 -0.090422 19.804701 -0.000306 0.090611 0.995886 -3.890100 0.000000 0.000000 0.000000 1.000000
0.999280 0.037547 0.005518 -0.200200 -0.036948 0.995744 -0.084427 19.804701 -0.008665 0.084162 0.996414 -3.890100 0.000000 0.000000 0.000000 1.000000
0.999447 0.007906 0.032310 -0.200200 -0.006158 0.998529 -0.053861 19.804701 -0.032688 0.053632 0.998026 -3.890100 0.000000 0.000000 0.000000 1.000000
0.997741 0.014030 0.065703 -0.200200 -0.012421 0.999614 -0.024846 19.804701 -0.066026 0.023973 0.997530 -3.890100 0.000000 0.000000 0.000000 1.000000
0.994983 0.051813 0.085586 -0.200200 -0.049936 0.998466 -0.023930 19.804701 -0.086695 0.019536 0.996043 -3.890100 0.000000 0.000000 0.000000 1.000000
0.992479 0.088487 0.084587 -0.200200 -0.084680 0.995271 -0.047595 19.804701 -0.088398 0.040074 0.995279 -3.890100 0.000000 0.000000 0.000000 1.000000
0.992186 0.100488 0.073954 -0.200200 -0.095382 0.993004 -0.069615 19.804701 -0.080432 0.062017 0.994829 -3.890100 0.000000 0.000000 0.000000 1.000000
0.993886 0.091216 0.062216 -0.200200 -0.086698 0.993643 -0.071819 19.804701 -0.068371 0.065986 0.995475 -3.890100 0.000000 0.000000 0.000000 1.000000
0.996238 0.069416 0.051876 -0.200200 -0.066433 0.996151 -0.057183 19.804701 -0.055645 0.053522 0.997015 -3.890100 0.000000 0.000000 0.000000 1.000000
0.998246 0.043419 0.040241 -0.200200 -0.041793 0.998309 -0.040398 19.804701 -0.041927 0.038645 0.998373 -3.890100 0.000000 0.000000 0.000000 1.000000
0.999421 0.017401 0.029229 -0.200200 -0.016433 0.999319 -0.033048 19.804701 -0.029784 0.032549 0.999026 -3.890100 0.000000 0.000000 0.000000 1.000000
0.999695 -0.008556 0.023166 -0.200200 0.009349 0.999367 -0.034321 19.804701 -0.022858 0.034527 0.999142 -3.890100 0.000000 0.000000 0.000000 1.000000
0.999134 -0.034055 0.023926 -0.200200 0.034915 0.998724 -0.036496 19.804701 -0.022653 0.037300 0.999047 -3.890100 0.000000 0.000000 0.000000 1.000000
0.997853 -0.058711 0.029007 -0.200200 0.059678 0.997649 -0.033684 19.804701 -0.026961 0.035342 0.999012 -3.890100 0.000000 0.000000 0.000000 1.000000
0.996134 -0.080908 0.034228 -0.200200 0.081840 0.996286 -0.026768 19.804701 -0.031935 0.029466 0.999056 -3.890100 0.000000 0.000000 0.000000 1.000000
0.994837 -0.094681 0.036530 -0.200200 0.095505 0.995196 -0.021523 19.804701 -0.034316 0.024901 0.999101 -3.890100 0.000000 0.000000 0.000000 1.000000
0.994878 -0.094774 0.035137 -0.200200 0.095588 0.995172 -0.022259 19.804701 -0.032858 0.025504 0.999135 -3.890100 0.000000 0.000000 0.000000 1.000000
0.995447 -0.089906 0.031646 -0.200200 0.090766 0.995510 -0.026864 19.804701 -0.029089 0.029614 0.999138 -3.890100 0.000000 0.000000 0.000000 1.000000
0.995947 -0.085377 0.028280 -0.200200 0.086253 0.995779 -0.031371 19.804701 -0.025483 0.033684 0.999108 -3.890100 0.000000 0.000000 0.000000 1.000000
0.996572 -0.078294 0.026732 -0.200200 0.079177 0.996289 -0.033757 19.804701 -0.023990 0.035758 0.999072 -3.890100 0.000000 0.000000 0.000000 1.000000
0.997252 -0.068883 0.027273 -0.200200 0.069802 0.996970 -0.034331 19.804701 -0.024825 0.036140 0.999038 -3.890100 0.000000 0.000000 0.000000 1.000000
0.997924 -0.057958 0.028095 -0.200200 0.058926 0.997651 -0.034938 19.804701 -0.026004 0.036521 0.998994 -3.890100 0.000000 0.000000 0.000000 1.000000
0.998355 -0.049858 0.028327 -0.200200 0.050874 0.998042 -0.036386 19.804701 -0.026457 0.037767 0.998936 -3.890100 0.000000 0.000000 0.000000 1.000000
0.998606 -0.044324 0.028649 -0.200200 0.045404 0.998238 -0.038206 19.804701 -0.026905 0.039454 0.998859 -3.890100 0.000000 0.000000 0.000000 1.000000
0.998728 -0.040599 0.029899 -0.200200 0.041760 0.998355 -0.039286 19.804701 -0.028254 0.040484 0.998781 -3.890100 0.000000 0.000000 0.000000 1.000000
0.998751 -0.038360 0.032020 -0.200200 0.039611 0.998439 -0.039382 19.804701 -0.030460 0.040602 0.998711 -3.890100 0.000000 0.000000 0.000000 1.000000
0.998720 -0.037541 0.033896 -0.200200 0.038862 0.998476 -0.039175 19.804701 -0.032373 0.040442 0.998657 -3.890100 0.000000 0.000000 0.000000 1.000000
0.998693 -0.037536 0.034695 -0.200200 0.038885 0.998479 -0.039077 19.804701 -0.033176 0.040375 0.998634 -3.890100 0.000000 0.000000 0.000000 1.000000
0.998717 -0.037249 0.034320 -0.200200 0.038574 0.998503 -0.038776 19.804701 -0.032824 0.040050 0.998658 -3.890100 0.000000 0.000000 0.000000 1.000000
0.998781 -0.036352 0.033406 -0.200200 0.037623 0.998560 -0.038247 19.804701 -0.031967 0.039457 0.998710 -3.890100 0.000000 0.000000 0.000000 1.000000
0.998852 -0.035195 0.032509 -0.200200 0.036423 0.998614 -0.037994 19.804701 -0.031127 0.039134 0.998749 -3.890100 0.000000 0.000000 0.000000 1.000000
0.998902 -0.034242 0.031964 -0.200200 0.035454 0.998642 -0.038162 19.804701 -0.030614 0.039253 0.998760 -3.890100 0.000000 0.000000 0.000000 1.000000
0.998927 -0.033616 0.031847 -0.200200 0.034828 0.998659 -0.038306 19.804701 -0.030516 0.039374 0.998758 -3.890100 0.000000 0.000000 0.000000 1.000000
0.998924 -0.033546 0.032009 -0.200200 0.034757 0.998670 -0.038076 19.804701 -0.030689 0.039147 0.998762 -3.890100 0.000000 0.000000 0.000000 1.000000
0.998896 -0.034130 0.032290 -0.200200 0.035337 0.998668 -0.037593 19.804701 -0.030964 0.038693 0.998771 -3.890100 0.000000 0.000000 0.000000 1.000000
0.998845 -0.035322 0.032569 -0.200200 0.036521 0.998648 -0.036993 19.804701 -0.031218 0.038139 0.998785 -3.890100 0.000000 0.000000 0.000000 1.000000
0.998791 -0.036607 0.032804 -0.200200 0.037790 0.998630 -0.036198 19.804701 -0.031434 0.037394 0.998806 -3.890100 0.000000 0.000000 0.000000 1.000000
0.998752 -0.037525 0.032967 -0.200200 0.038683 0.998631 -0.035201 19.804701 -0.031601 0.036433 0.998836 -3.890100 0.000000 0.000000 0.000000 1.000000
0.998732 -0.037941 0.033096 -0.200200 0.039074 0.998648 -0.034281 19.804701 -0.031751 0.035531 0.998864 -3.890100 0.000000 0.000000 0.000000 1.000000
0.998728 -0.037910 0.033259 -0.200200 0.039029 0.998670 -0.033677 19.804701 -0.031938 0.034932 0.998879 -3.890100 0.000000 0.000000 0.000000 1.000000
0.998728 -0.037679 0.033510 -0.200200 0.038794 0.998692 -0.033296 19.804701 -0.032212 0.034554 0.998884 -3.890100 0.000000 0.000000 0.000000 1.000000
0.998727 -0.037403 0.033833 -0.200200 0.038516 0.998717 -0.032861 19.804701 -0.032561 0.034123 0.998887 -3.890100 0.000000 0.000000 0.000000 1.000000
0.998724 -0.037175 0.034170 -0.200200 0.038280 0.998746 -0.032260 19.804701 -0.032928 0.033527 0.998895 -3.890100 0.000000 0.000000 0.000000 1.000000
0.998721 -0.036967 0.034480 -0.200200 0.038059 0.998777 -0.031553 19.804701 -0.033272 0.032825 0.998907 -3.890100 0.000000 0.000000 0.000000 1.000000</float_array><technique_common><accessor source="#mixamorig_Spine-Matrix-animation-output-transform-array" count="70" stride="16"><param type="float4x4"/></accessor></technique_common></source><source id="mixamorig_Spine-Interpolations"><Name_array id="mixamorig_Spine-Interpolations-array" count="70">
 LINEAR LINEAR LINEAR LINEAR LINEAR LINEAR LINEAR LINEAR LINEAR LINEAR LINEAR
LINEAR LINEAR LINEAR LINEAR LINEAR LINEAR LINEAR LINEAR LINEAR LINEAR LINEAR LINEAR
LINEAR LINEAR LINEAR LINEAR LINEAR LINEAR LINEAR LINEAR LINEAR LINEAR LINEAR LINEAR
LINEAR LINEAR LINEAR LINEAR LINEAR LINEAR LINEAR LINEAR LINEAR LINEAR LINEAR LINEAR
LINEAR LINEAR LINEAR LINEAR LINEAR LINEAR LINEAR LINEAR LINEAR LINEAR LINEAR LINEAR
LINEAR LINEAR LINEAR LINEAR LINEAR LINEAR LINEAR LINEAR LINEAR LINEAR LINEAR</Name_array><technique_common><accessor source="#mixamorig_Spine-Interpolations-array" count="70"><param type="name"/></accessor></technique_common></source><sampler id="mixamorig_Spine-Matrix-animation-transform"><input semantic="INPUT" source="#mixamorig_Spine-Matrix-animation-input"/><input semantic="OUTPUT" source="#mixamorig_Spine-Matrix-animation-output-transform"/><input semantic="INTERPOLATION" source="#mixamorig_Spine-Interpolations"/></sampler><channel source="#mixamorig_Spine-Matrix-animation-transform" target="mixamorig_Spine/matrix"/></animation>
    <animation id="mixamorig_Spine1-anim" name="mixamorig_Spine1"><source id="mixamorig_Spine1-Matrix-animation-input"><float_array id="mixamorig_Spine1-Matrix-animation-input-array" count="70">

0.000000 0.033333 0.066667 0.100000 0.133333 0.166667 0.200000 0.233333 0.266667 0.300000 0.333333 0.366667 0.400000 0.433333 0.466667 0.500000
0.533333 0.566667 0.600000 0.633333 0.666667 0.700000 0.733333 0.766667 0.800000 0.833333 0.866667 0.900000 0.933333 0.966667 1.000000 1.033333
1.066667 1.100000 1.133333 1.166667 1.200000 1.233333 1.266667 1.300000 1.333333 1.366667 1.400000 1.433333 1.466667 1.500000 1.533333 1.566667
1.600000 1.633333 1.666667 1.700000 1.733333 1.766667 1.800000 1.833333 1.866667 1.900000 1.933333 1.966667 2.000000 2.033333 2.066667 2.100000
2.133333 2.166667 2.200000 2.233333 2.266667 2.300000</float_array><technique_common><accessor source="#mixamorig_Spine1-Matrix-animation-input-array" count="70"><param name="TIME" type="float"/></accessor></technique_common></source><source id="mixamorig_Spine1-Matrix-animation-output-transform"><float_array id="mixamorig_Spine1-Matrix-animation-output-transform-array" count="1120">

0.997515 -0.007414 0.070059 -0.270400 0.011938 0.997854 -0.064374 23.500299 -0.069431 0.065050 0.995464 -2.360300 0.000000 0.000000 0.000000 1.000000
0.997720 -0.006875 0.067133 -0.270400 0.011065 0.998000 -0.062242 23.500299 -0.066570 0.062843 0.995801 -2.360300 0.000000 0.000000 0.000000 1.000000
0.997897 -0.006423 0.064500 -0.270400 0.010286 0.998162 -0.059725 23.500299 -0.063998 0.060263 0.996129 -2.360300 0.000000 0.000000 0.000000 1.000000
0.998058 -0.005785 0.062025 -0.270400 0.009328 0.998331 -0.056991 23.500299 -0.061592 0.057459 0.996446 -2.360300 0.000000 0.000000 0.000000 1.000000
0.998211 -0.004521 0.059624 -0.270400 0.007750 0.998509 -0.054030 23.500299 -0.059291 0.054396 0.996758 -2.360300 0.000000 0.000000 0.000000 1.000000
0.998357 -0.002159 0.057257 -0.270400 0.005065 0.998704 -0.050650 23.500299 -0.057074 0.050857 0.997074 -2.360300 0.000000 0.000000 0.000000 1.000000
0.998496 0.001349 0.054802 -0.270400 0.001220 0.998903 -0.046820 23.500299 -0.054805 0.046817 0.997399 -2.360300 0.000000 0.000000 0.000000 1.000000
0.998625 0.005386 0.052139 -0.270400 -0.003148 0.999074 -0.042910 23.500299 -0.052322 0.042687 0.997718 -2.360300 0.000000 0.000000 0.000000 1.000000
0.998712 0.009298 0.049875 -0.270400 -0.007326 0.999190 -0.039568 23.500299 -0.050202 0.039152 0.997971 -2.360300 0.000000 0.000000 0.000000 1.000000
0.998674 0.012972 0.049822 -0.270400 -0.011107 0.999234 -0.037533 23.500299 -0.050271 0.036930 0.998053 -2.360300 0.000000 0.000000 0.000000 1.000000
0.998401 0.016481 0.054074 -0.270400 -0.014466 0.999194 -0.037454 23.500299 -0.054647 0.036612 0.997834 -2.360300 0.000000 0.000000 0.000000 1.000000
0.997799 0.019594 0.063354 -0.270400 -0.017132 0.999086 -0.039168 23.500299 -0.064063 0.037996 0.997222 -2.360300 0.000000 0.000000 0.000000 1.000000
0.996914 0.021473 0.075510 -0.270400 -0.018428 0.998997 -0.040803 23.500299 -0.076310 0.039286 0.996310 -2.360300 0.000000 0.000000 0.000000 1.000000
0.996192 0.021196 0.084566 -0.270400 -0.017851 0.999036 -0.040110 23.500299 -0.085335 0.038447 0.995610 -2.360300 0.000000 0.000000 0.000000 1.000000
0.996380 0.018971 0.082866 -0.270400 -0.015881 0.999160 -0.037790 23.500299 -0.083513 0.036337 0.995844 -2.360300 0.000000 0.000000 0.000000 1.000000
0.997685 0.014125 0.066519 -0.270400 -0.011689 0.999252 -0.036869 23.500299 -0.066990 0.036006 0.997104 -2.360300 0.000000 0.000000 0.000000 1.000000
0.999274 0.002116 0.038035 -0.270400 -0.000647 0.999255 -0.038581 23.500299 -0.038089 0.038528 0.998531 -2.360300 0.000000 0.000000 0.000000 1.000000
0.999772 -0.021161 0.003002 -0.270400 0.021266 0.998944 -0.040725 23.500299 -0.002137 0.040780 0.999166 -2.360300 0.000000 0.000000 0.000000 1.000000
0.998148 -0.050209 -0.034333 -0.270400 0.048855 0.998036 -0.039196 23.500299 0.036233 0.037446 0.998642 -2.360300 0.000000 0.000000 0.000000 1.000000
0.995087 -0.070732 -0.069270 -0.270400 0.068749 0.997164 -0.030606 23.500299 0.071238 0.025694 0.997128 -2.360300 0.000000 0.000000 0.000000 1.000000
0.993136 -0.070329 -0.093460 -0.270400 0.069026 0.997468 -0.017113 23.500299 0.094427 0.010544 0.995476 -2.360300 0.000000 0.000000 0.000000 1.000000
0.994013 -0.046675 -0.098792 -0.270400 0.046118 0.998905 -0.007919 23.500299 0.099053 0.003316 0.995077 -2.360300 0.000000 0.000000 0.000000 1.000000
0.996191 -0.005527 -0.087018 -0.270400 0.004444 0.999910 -0.012637 23.500299 0.087080 0.012202 0.996127 -2.360300 0.000000 0.000000 0.000000 1.000000
0.996616 0.046925 -0.067494 -0.270400 -0.049366 0.998169 -0.034961 23.500299 0.065730 0.038175 0.997107 -2.360300 0.000000 0.000000 0.000000 1.000000
0.993207 0.105945 -0.048126 -0.270400 -0.109247 0.991393 -0.072139 23.500299 0.040070 0.076906 0.996233 -2.360300 0.000000 0.000000 0.000000 1.000000
0.985625 0.166173 -0.030483 -0.270400 -0.168602 0.978979 -0.114772 23.500299 0.010771 0.118261 0.992924 -2.360300 0.000000 0.000000 0.000000 1.000000
0.975854 0.218097 -0.011915 -0.270400 -0.217450 0.964920 -0.147122 23.500299 -0.020589 0.146161 0.989047 -2.360300 0.000000 0.000000 0.000000 1.000000
0.967967 0.250836 0.011042 -0.270400 -0.246200 0.956866 -0.154246 23.500299 -0.049256 0.146587 0.987971 -2.360300 0.000000 0.000000 0.000000 1.000000
0.964893 0.259617 0.039763 -0.270400 -0.252004 0.957788 -0.138334 23.500299 -0.073998 0.123457 0.989587 -2.360300 0.000000 0.000000 0.000000 1.000000
0.964788 0.254028 0.068217 -0.270400 -0.244746 0.962014 -0.120947 23.500299 -0.096349 0.099993 0.990312 -2.360300 0.000000 0.000000 0.000000 1.000000
0.964677 0.247609 0.089933 -0.270400 -0.235924 0.963923 -0.123255 23.500299 -0.117208 0.097684 0.988291 -2.360300 0.000000 0.000000 0.000000 1.000000
0.964819 0.242820 0.100809 -0.270400 -0.227501 0.963246 -0.142828 23.500299 -0.131786 0.114869 0.984600 -2.360300 0.000000 0.000000 0.000000 1.000000
0.967751 0.230896 0.100722 -0.270400 -0.213464 0.963959 -0.158793 23.500299 -0.133757 0.132172 0.982161 -2.360300 0.000000 0.000000 0.000000 1.000000
0.974754 0.203899 0.090998 -0.270400 -0.188418 0.969817 -0.154767 23.500299 -0.119808 0.133714 0.983751 -2.360300 0.000000 0.000000 0.000000 1.000000
0.983679 0.164333 0.073276 -0.270400 -0.153658 0.979121 -0.133085 23.500299 -0.093616 0.119654 0.988392 -2.360300 0.000000 0.000000 0.000000 1.000000
0.991380 0.120001 0.052589 -0.270400 -0.113864 0.987688 -0.107273 23.500299 -0.064814 0.100360 0.992838 -2.360300 0.000000 0.000000 0.000000 1.000000
0.996268 0.077979 0.037007 -0.270400 -0.074432 0.993237 -0.089106 23.500299 -0.043705 0.086019 0.995334 -2.360300 0.000000 0.000000 0.000000 1.000000
0.998588 0.041997 0.032524 -0.270400 -0.039301 0.996059 -0.079507 23.500299 -0.035735 0.078116 0.996304 -2.360300 0.000000 0.000000 0.000000 1.000000
0.999162 0.012695 0.038912 -0.270400 -0.009833 0.997293 -0.072872 23.500299 -0.039732 0.072428 0.996582 -2.360300 0.000000 0.000000 0.000000 1.000000
0.998685 -0.010689 0.050148 -0.270400 0.013916 0.997825 -0.064440 23.500299 -0.049350 0.065053 0.996661 -2.360300 0.000000 0.000000 0.000000 1.000000
0.997773 -0.028856 0.060143 -0.270400 0.032157 0.997987 -0.054657 23.500299 -0.058445 0.056469 0.996692 -2.360300 0.000000 0.000000 0.000000 1.000000
0.997023 -0.041159 0.065194 -0.270400 0.044344 0.997854 -0.048185 23.500299 -0.063071 0.050932 0.996709 -2.360300 0.000000 0.000000 0.000000 1.000000
0.996851 -0.046613 0.064146 -0.270400 0.049782 0.997571 -0.048725 23.500299 -0.061719 0.051765 0.996750 -2.360300 0.000000 0.000000 0.000000 1.000000
0.997161 -0.047088 0.058764 -0.270400 0.050326 0.997223 -0.054898 23.500299 -0.056016 0.057699 0.996761 -2.360300 0.000000 0.000000 0.000000 1.000000
0.997504 -0.046483 0.053158 -0.270400 0.049766 0.996822 -0.062205 23.500299 -0.050098 0.064695 0.996647 -2.360300 0.000000 0.000000 0.000000 1.000000
0.997667 -0.045341 0.051035 -0.270400 0.048734 0.996540 -0.067323 23.500299 -0.047806 0.069653 0.996425 -2.360300 0.000000 0.000000 0.000000 1.000000
0.997713 -0.042072 0.052899 -0.270400 0.045718 0.996518 -0.069721 23.500299 -0.049781 0.071980 0.996163 -2.360300 0.000000 0.000000 0.000000 1.000000
0.997824 -0.035567 0.055511 -0.270400 0.039487 0.996680 -0.071202 23.500299 -0.052794 0.073239 0.995916 -2.360300 0.000000 0.000000 0.000000 1.000000
0.997963 -0.029144 0.056754 -0.270400 0.033276 0.996757 -0.073269 23.500299 -0.054435 0.075008 0.995696 -2.360300 0.000000 0.000000 0.000000 1.000000
0.998013 -0.024743 0.057953 -0.270400 0.029123 0.996683 -0.075992 23.500299 -0.055881 0.077528 0.995423 -2.360300 0.000000 0.000000 0.000000 1.000000
0.997921 -0.021574 0.060736 -0.270400 0.026303 0.996592 -0.078178 23.500299 -0.058843 0.079613 0.995088 -2.360300 0.000000 0.000000 0.000000 1.000000
0.997717 -0.018505 0.064950 -0.270400 0.023633 0.996586 -0.079101 23.500299 -0.063264 0.080456 0.994748 -2.360300 0.000000 0.000000 0.000000 1.000000
0.997525 -0.015756 0.068530 -0.270400 0.021173 0.996646 -0.079051 23.500299 -0.067055 0.080307 0.994512 -2.360300 0.000000 0.000000 0.000000 1.000000
0.997452 -0.013770 0.069998 -0.270400 0.019274 0.996722 -0.078578 23.500299 -0.068687 0.079727 0.994447 -2.360300 0.000000 0.000000 0.000000 1.000000
0.997528 -0.012511 0.069140 -0.270400 0.017892 0.996811 -0.077764 23.500299 -0.067947 0.078809 0.994571 -2.360300 0.000000 0.000000 0.000000 1.000000
0.997674 -0.011480 0.067200 -0.270400 0.016652 0.996899 -0.076907 23.500299 -0.066108 0.077847 0.994771 -2.360300 0.000000 0.000000 0.000000 1.000000
0.997811 -0.010269 0.065326 -0.270400 0.015276 0.996943 -0.076618 23.500299 -0.064339 0.077448 0.994918 -2.360300 0.000000 0.000000 0.000000 1.000000
0.997898 -0.008688 0.064214 -0.270400 0.013629 0.996944 -0.076916 23.500299 -0.063350 0.077630 0.994968 -2.360300 0.000000 0.000000 0.000000 1.000000
0.997925 -0.007025 0.064010 -0.270400 0.011969 0.996945 -0.077178 23.500299 -0.063272 0.077784 0.994960 -2.360300 0.000000 0.000000 0.000000 1.000000
0.997904 -0.005943 0.064434 -0.270400 0.010900 0.996982 -0.076861 23.500299 -0.063783 0.077402 0.994958 -2.360300 0.000000 0.000000 0.000000 1.000000
0.997860 -0.005896 0.065127 -0.270400 0.010852 0.997048 -0.076009 23.500299 -0.064487 0.076553 0.994978 -2.360300 0.000000 0.000000 0.000000 1.000000
0.997807 -0.006998 0.065816 -0.270400 0.011925 0.997129 -0.074772 23.500299 -0.065103 0.075393 0.995026 -2.360300 0.000000 0.000000 0.000000 1.000000
0.997757 -0.008549 0.066398 -0.270400 0.013415 0.997228 -0.073189 23.500299 -0.065589 0.073915 0.995105 -2.360300 0.000000 0.000000 0.000000 1.000000
0.997717 -0.009761 0.066828 -0.270400 0.014539 0.997343 -0.071384 23.500299 -0.065954 0.072193 0.995208 -2.360300 0.000000 0.000000 0.000000 1.000000
0.997688 -0.010256 0.067182 -0.270400 0.014949 0.997454 -0.069734 23.500299 -0.066295 0.070577 0.995301 -2.360300 0.000000 0.000000 0.000000 1.000000
0.997662 -0.010153 0.067586 -0.270400 0.014794 0.997540 -0.068518 23.500299 -0.066724 0.069358 0.995358 -2.360300 0.000000 0.000000 0.000000 1.000000
0.997628 -0.009787 0.068138 -0.270400 0.014406 0.997606 -0.067638 23.500299 -0.067313 0.068459 0.995380 -2.360300 0.000000 0.000000 0.000000 1.000000
0.997588 -0.009236 0.068800 -0.270400 0.013841 0.997673 -0.066763 23.500299 -0.068024 0.067554 0.995394 -2.360300 0.000000 0.000000 0.000000 1.000000
0.997548 -0.008448 0.069467 -0.270400 0.013024 0.997755 -0.065685 23.500299 -0.068757 0.066429 0.995419 -2.360300 0.000000 0.000000 0.000000 1.000000
0.997515 -0.007415 0.070058 -0.270400 0.011938 0.997854 -0.064374 23.500299 -0.069431 0.065050 0.995464 -2.360300 0.000000 0.000000 0.000000 1.000000</float_array><technique_common><accessor source="#mixamorig_Spine1-Matrix-animation-output-transform-array" count="70" stride="16"><param type="float4x4"/></accessor></technique_common></source><source id="mixamorig_Spine1-Interpolations"><Name_array id="mixamorig_Spine1-Interpolations-array" count="70">
 LINEAR LINEAR LINEAR LINEAR LINEAR LINEAR LINEAR LINEAR LINEAR LINEAR LINEAR
LINEAR LINEAR LINEAR LINEAR LINEAR LINEAR LINEAR LINEAR LINEAR LINEAR LINEAR LINEAR
LINEAR LINEAR LINEAR LINEAR LINEAR LINEAR LINEAR LINEAR LINEAR LINEAR LINEAR LINEAR
LINEAR LINEAR LINEAR LINEAR LINEAR LINEAR LINEAR LINEAR LINEAR LINEAR LINEAR LINEAR
LINEAR LINEAR LINEAR LINEAR LINEAR LINEAR LINEAR LINEAR LINEAR LINEAR LINEAR LINEAR
LINEAR LINEAR LINEAR LINEAR LINEAR LINEAR LINEAR LINEAR LINEAR LINEAR LINEAR</Name_array><technique_common><accessor source="#mixamorig_Spine1-Interpolations-array" count="70"><param type="name"/></accessor></technique_common></source><sampler id="mixamorig_Spine1-Matrix-animation-transform"><input semantic="INPUT" source="#mixamorig_Spine1-Matrix-animation-input"/><input semantic="OUTPUT" source="#mixamorig_Spine1-Matrix-animation-output-transform"/><input semantic="INTERPOLATION" source="#mixamorig_Spine1-Interpolations"/></sampler><channel source="#mixamorig_Spine1-Matrix-animation-transform" target="mixamorig_Spine1/matrix"/></animation>
    <animation id="mixamorig_Spine2-anim" name="mixamorig_Spine2"><source id="mixamorig_Spine2-Matrix-animation-input"><float_array id="mixamorig_Spine2-Matrix-animation-input-array" count="70">

0.000000 0.033333 0.066667 0.100000 0.133333 0.166667 0.200000 0.233333 0.266667 0.300000 0.333333 0.366667 0.400000 0.433333 0.466667 0.500000
