<?xml version="1.0" encoding="utf-8"?>
<COLLADA xmlns="http://www.collada.org/2005/11/COLLADASchema" version="1.4.1">
  <asset><contributor><author>Mixamo</author><authoring_tool>COLLADA Mixamo exporter</authoring_tool><comments></comments></contributor><created>2018-10-17T20:31:15Z</created><modified>2018-10-17T20:31:15Z</modified><revision></revision><title></title><unit meter="0.010000"/><up_axis>Y_UP</up_axis></asset>
  <library_animations>
    <animation id="mixamorig_Hips-anim" name="mixamorig_Hips"><source id="mixamorig_Hips-Matrix-animation-input"><float_array id="mixamorig_Hips-Matrix-animation-input-array" count="17">

0.000000 0.033333 0.066667 0.100000 0.133333 0.166667 0.200000 0.233333 0.266667 0.300000 0.333333 0.366667 0.400000 0.433333 0.466667 0.500000
0.533333</float_array><technique_common><accessor source="#mixamorig_Hips-Matrix-animation-input-array" count="17"><param name="TIME" type="float"/></accessor></technique_common></source><source id="mixamorig_Hips-Matrix-animation-output-transform"><float_array id="mixamorig_Hips-Matrix-animation-output-transform-array" count="272">

0.983970 0.033236 -0.175207 5.420807 -0.087774 0.945494 -0.313586 185.951324 0.155235 0.323938 0.933256 1.403043 0.000000 0.000000 0.000000 1.000000
0.999008 0.043106 -0.011200 2.337187 -0.044353 0.940033 -0.338187 191.727386 -0.004049 0.338348 0.941012 43.141754 0.000000 0.000000 0.000000 1.000000
0.996851 0.032235 0.072448 -0.438126 -0.005346 0.938886 -0.344187 197.502136 -0.079116 0.342715 0.936102 85.673187 0.000000 0.000000 0.000000 1.000000
0.996327 0.015339 0.084247 -1.941532 0.013524 0.943295 -0.331679 201.101181 -0.084557 0.331601 0.939623 127.538498 0.000000 0.000000 0.000000 1.000000
0.996674 0.023672 0.077975 -1.719319 0.001007 0.953226 -0.302257 200.602875 -0.081483 0.301330 0.950032 167.843704 0.000000 0.000000 0.000000 1.000000
0.992826 0.065703 0.099893 -0.551836 -0.034429 0.957194 -0.287393 195.175568 -0.114500 0.281892 0.952590 205.434631 0.000000 0.000000 0.000000 1.000000
0.986982 0.100765 0.125350 0.836004 -0.059677 0.953208 -0.296368 188.230026 -0.149348 0.285029 0.946812 241.782364 0.000000 0.000000 0.000000 1.000000
0.989308 0.103288 0.102965 2.518089 -0.067330 0.949718 -0.305782 183.747528 -0.129371 0.295580 0.946518 279.531891 0.000000 0.000000 0.000000 1.000000
0.994939 0.097567 0.024028 4.277370 -0.085552 0.947947 -0.306719 184.370026 -0.052703 0.303111 0.951497 321.425720 0.000000 0.000000 0.000000 1.000000
0.992416 0.100367 -0.070965 6.624054 -0.117111 0.947419 -0.297796 189.394272 0.037345 0.303848 0.951988 365.916901 0.000000 0.000000 0.000000 1.000000
0.985202 0.113882 -0.128090 9.084085 -0.147932 0.942420 -0.299933 193.351669 0.086558 0.314443 0.945322 410.526184 0.000000 0.000000 0.000000 1.000000
0.981916 0.117046 -0.148797 10.836169 -0.158425 0.938314 -0.307357 193.937622 0.103643 0.325372 0.939889 451.755280 0.000000 0.000000 0.000000 1.000000
0.982185 0.085770 -0.167202 10.448819 -0.131494 0.949332 -0.285443 193.005219 0.134248 0.302344 0.943698 492.295105 0.000000 0.000000 0.000000 1.000000
0.978796 0.032886 -0.202180 9.446059 -0.086716 0.960744 -0.263537 190.088150 0.185576 0.275481 0.943224 530.941101 0.000000 0.000000 0.000000 1.000000
0.970769 0.002221 -0.240005 8.353139 -0.071159 0.957663 -0.278957 186.385193 0.229224 0.287881 0.929828 568.078369 0.000000 0.000000 0.000000 1.000000
0.970976 0.008205 -0.239035 7.060134 -0.082923 0.948971 -0.304265 184.324478 0.224341 0.315255 0.922109 607.354126 0.000000 0.000000 0.000000 1.000000
0.983970 0.033236 -0.175207 5.420810 -0.087774 0.945494 -0.313586 185.951324 0.155235 0.323939 0.933256 650.262207 0.000000 0.000000 0.000000 1.000000</float_array><technique_common><accessor source="#mixamorig_Hips-Matrix-animation-output-transform-array" count="17" stride="16"><param type="float4x4"/></accessor></technique_common></source><source id="mixamorig_Hips-Interpolations"><Name_array id="mixamorig_Hips-Interpolations-array" count="17">
 LINEAR LINEAR LINEAR LINEAR LINEAR LINEAR LINEAR LINEAR LINEAR LINEAR LINEAR
LINEAR LINEAR LINEAR LINEAR LINEAR LINEAR</Name_array><technique_common><accessor source="#mixamorig_Hips-Interpolations-array" count="17"><param type="name"/></accessor></technique_common></source><sampler id="mixamorig_Hips-Matrix-animation-transform"><input semantic="INPUT" source="#mixamorig_Hips-Matrix-animation-input"/><input semantic="OUTPUT" source="#mixamorig_Hips-Matrix-animation-output-transform"/><input semantic="INTERPOLATION" source="#mixamorig_Hips-Interpolations"/></sampler><channel source="#mixamorig_Hips-Matrix-animation-transform" target="mixamorig_Hips/matrix"/></animation>
    <animation id="mixamorig_Spine-anim" name="mixamorig_Spine"><source id="mixamorig_Spine-Matrix-animation-input"><float_array id="mixamorig_Spine-Matrix-animation-input-array" count="17">

0.000000 0.033333 0.066667 0.100000 0.133333 0.166667 0.200000 0.233333 0.266667 0.300000 0.333333 0.366667 0.400000 0.433333 0.466667 0.500000
0.533333</float_array><technique_common><accessor source="#mixamorig_Spine-Matrix-animation-input-array" count="17"><param name="TIME" type="float"/></accessor></technique_common></source><source id="mixamorig_Spine-Matrix-animation-output-transform"><float_array id="mixamorig_Spine-Matrix-animation-output-transform-array" count="272">

0.996171 -0.062970 0.060652 -0.200200 0.069201 0.991869 -0.106802 19.804701 -0.053434 0.110590 0.992429 -3.890100 0.000000 0.000000 0.000000 1.000000
0.998718 -0.038514 0.032863 -0.200200 0.041015 0.996017 -0.079165 19.804701 -0.029683 0.080412 0.996320 -3.890100 0.000000 0.000000 0.000000 1.000000
0.999726 -0.008819 0.021703 -0.200200 0.010300 0.997556 -0.069110 19.804701 -0.021040 0.069315 0.997373 -3.890100 0.000000 0.000000 0.000000 1.000000
0.999597 0.013380 0.025022 -0.200200 -0.011337 0.996725 -0.080067 19.804701 -0.026011 0.079751 0.996475 -3.890100 0.000000 0.000000 0.000000 1.000000
0.999520 0.020984 0.022784 -0.200200 -0.018503 0.994393 -0.104120 19.804701 -0.024841 0.103649 0.994304 -3.890100 0.000000 0.000000 0.000000 1.000000
0.999986 0.003622 0.003748 -0.200200 -0.003158 0.993123 -0.117034 19.804701 -0.004146 0.117020 0.993121 -3.890100 0.000000 0.000000 0.000000 1.000000
0.999661 -0.016079 -0.020481 -0.200200 0.013673 0.993544 -0.112620 19.804701 0.022160 0.112301 0.993427 -3.890100 0.000000 0.000000 0.000000 1.000000
0.999281 -0.014633 -0.034971 -0.200200 0.011075 0.994940 -0.099855 19.804701 0.036256 0.099396 0.994387 -3.890100 0.000000 0.000000 0.000000 1.000000
0.999302 -0.019176 -0.032066 -0.200200 0.016297 0.996009 -0.087749 19.804701 0.033620 0.087166 0.995626 -3.890100 0.000000 0.000000 0.000000 1.000000
0.998951 -0.041409 -0.019549 -0.200200 0.039700 0.995930 -0.080915 19.804701 0.022820 0.080054 0.996529 -3.890100 0.000000 0.000000 0.000000 1.000000
0.998048 -0.060619 -0.015034 -0.200200 0.059152 0.994712 -0.083955 19.804701 0.020044 0.082902 0.996356 -3.890100 0.000000 0.000000 0.000000 1.000000
0.996941 -0.075464 -0.020326 -0.200200 0.073064 0.992266 -0.100346 19.804701 0.027742 0.098554 0.994745 -3.890100 0.000000 0.000000 0.000000 1.000000
0.996702 -0.077330 -0.024588 -0.200200 0.073772 0.989746 -0.122313 19.804701 0.033794 0.120096 0.992187 -3.890100 0.000000 0.000000 0.000000 1.000000
0.997850 -0.064831 -0.009566 -0.200200 0.062958 0.988892 -0.134645 19.804701 0.018189 0.133753 0.990848 -3.890100 0.000000 0.000000 0.000000 1.000000
0.998141 -0.056663 0.022459 -0.200200 0.059128 0.989608 -0.131070 19.804701 -0.014799 0.132154 0.991119 -3.890100 0.000000 0.000000 0.000000 1.000000
0.996807 -0.061737 0.050647 -0.200200 0.067329 0.990802 -0.117377 19.804701 -0.042935 0.120412 0.991795 -3.890100 0.000000 0.000000 0.000000 1.000000
0.996171 -0.062970 0.060652 -0.200200 0.069201 0.991869 -0.106802 19.804701 -0.053434 0.110590 0.992429 -3.890100 0.000000 0.000000 0.000000 1.000000</float_array><technique_common><accessor source="#mixamorig_Spine-Matrix-animation-output-transform-array" count="17" stride="16"><param type="float4x4"/></accessor></technique_common></source><source id="mixamorig_Spine-Interpolations"><Name_array id="mixamorig_Spine-Interpolations-array" count="17">
 LINEAR LINEAR LINEAR LINEAR LINEAR LINEAR LINEAR LINEAR LINEAR LINEAR LINEAR
LINEAR LINEAR LINEAR LINEAR LINEAR LINEAR</Name_array><technique_common><accessor source="#mixamorig_Spine-Interpolations-array" count="17"><param type="name"/></accessor></technique_common></source><sampler id="mixamorig_Spine-Matrix-animation-transform"><input semantic="INPUT" source="#mixamorig_Spine-Matrix-animation-input"/><input semantic="OUTPUT" source="#mixamorig_Spine-Matrix-animation-output-transform"/><input semantic="INTERPOLATION" source="#mixamorig_Spine-Interpolations"/></sampler><channel source="#mixamorig_Spine-Matrix-animation-transform" target="mixamorig_Spine/matrix"/></animation>
    <animation id="mixamorig_Spine1-anim" name="mixamorig_Spine1"><source id="mixamorig_Spine1-Matrix-animation-input"><float_array id="mixamorig_Spine1-Matrix-animation-input-array" count="17">

0.000000 0.033333 0.066667 0.100000 0.133333 0.166667 0.200000 0.233333 0.266667 0.300000 0.333333 0.366667 0.400000 0.433333 0.466667 0.500000
0.533333</float_array><technique_common><accessor source="#mixamorig_Spine1-Matrix-animation-input-array" count="17"><param name="TIME" type="float"/></accessor></technique_common></source><source id="mixamorig_Spine1-Matrix-animation-output-transform"><float_array id="mixamorig_Spine1-Matrix-animation-output-transform-array" count="272">

0.989878 -0.077698 0.118766 -0.270400 0.101986 0.971378 -0.214531 23.500299 -0.098698 0.224471 0.969470 -2.360300 0.000000 0.000000 0.000000 1.000000
0.996288 -0.055742 0.065599 -0.270400 0.065563 0.985162 -0.158610 23.500299 -0.055785 0.162322 0.985160 -2.360300 0.000000 0.000000 0.000000 1.000000
0.998466 -0.014143 0.053523 -0.270400 0.021399 0.990265 -0.137537 23.500299 -0.051057 0.138472 0.989049 -2.360300 0.000000 0.000000 0.000000 1.000000
0.997570 0.026157 0.064576 -0.270400 -0.015576 0.987121 -0.159217 23.500299 -0.067909 0.157825 0.985129 -2.360300 0.000000 0.000000 0.000000 1.000000
0.997388 0.042118 0.058685 -0.270400 -0.029122 0.977928 -0.206901 23.500299 -0.066104 0.204652 0.976600 -2.360300 0.000000 0.000000 0.000000 1.000000
0.999694 0.015121 0.019573 -0.270400 -0.010154 0.972502 -0.232674 23.500299 -0.022553 0.232405 0.972358 -2.360300 0.000000 0.000000 0.000000 1.000000
0.998915 -0.031500 -0.034309 -0.270400 0.023029 0.974312 -0.224024 23.500299 0.040485 0.222991 0.973980 -2.360300 0.000000 0.000000 0.000000 1.000000
0.996209 -0.057125 -0.065610 -0.270400 0.043062 0.979124 -0.198650 23.500299 0.075588 0.195071 0.977872 -2.360300 0.000000 0.000000 0.000000 1.000000
0.995852 -0.071908 -0.055745 -0.270400 0.061194 0.982753 -0.174506 23.500299 0.067332 0.170371 0.983077 -2.360300 0.000000 0.000000 0.000000 1.000000
0.994892 -0.094446 -0.035639 -0.270400 0.087524 0.982964 -0.161622 23.500299 0.050296 0.157677 0.986209 -2.360300 0.000000 0.000000 0.000000 1.000000
0.991518 -0.125234 -0.034771 -0.270400 0.117704 0.978663 -0.168415 23.500299 0.055121 0.162894 0.985103 -2.360300 0.000000 0.000000 0.000000 1.000000
0.986276 -0.156422 -0.052830 -0.270400 0.142860 0.968940 -0.201860 23.500299 0.082764 0.191542 0.977989 -2.360300 0.000000 0.000000 0.000000 1.000000
0.985285 -0.160640 -0.058384 -0.270400 0.141833 0.959045 -0.245187 23.500299 0.095380 0.233299 0.967716 -2.360300 0.000000 0.000000 0.000000 1.000000
0.991314 -0.129836 -0.020956 -0.270400 0.119555 0.956037 -0.267770 23.500299 0.054801 0.262938 0.963255 -2.360300 0.000000 0.000000 0.000000 1.000000
0.993816 -0.098828 0.050616 -0.270400 0.108641 0.959635 -0.259420 23.500299 -0.022935 0.263315 0.964437 -2.360300 0.000000 0.000000 0.000000 1.000000
0.991059 -0.083567 0.104015 -0.270400 0.106060 0.966404 -0.234125 23.500299 -0.080955 0.243063 0.966626 -2.360300 0.000000 0.000000 0.000000 1.000000
0.989878 -0.077698 0.118766 -0.270400 0.101986 0.971378 -0.214531 23.500299 -0.098698 0.224472 0.969469 -2.360300 0.000000 0.000000 0.000000 1.000000</float_array><technique_common><accessor source="#mixamorig_Spine1-Matrix-animation-output-transform-array" count="17" stride="16"><param type="float4x4"/></accessor></technique_common></source><source id="mixamorig_Spine1-Interpolations"><Name_array id="mixamorig_Spine1-Interpolations-array" count="17">
 LINEAR LINEAR LINEAR LINEAR LINEAR LINEAR LINEAR LINEAR LINEAR LINEAR LINEAR
LINEAR LINEAR LINEAR LINEAR LINEAR LINEAR</Name_array><technique_common><accessor source="#mixamorig_Spine1-Interpolations-array" count="17"><param type="name"/></accessor></technique_common></source><sampler id="mixamorig_Spine1-Matrix-animation-transform"><input semantic="INPUT" source="#mixamorig_Spine1-Matrix-animation-input"/><input semantic="OUTPUT" source="#mixamorig_Spine1-Matrix-animation-output-transform"/><input semantic="INTERPOLATION" source="#mixamorig_Spine1-Interpolations"/></sampler><channel source="#mixamorig_Spine1-Matrix-animation-transform" target="mixamorig_Spine1/matrix"/></animation>
    <animation id="mixamorig_Spine2-anim" name="mixamorig_Spine2"><source id="mixamorig_Spine2-Matrix-animation-input"><float_array id="mixamorig_Spine2-Matrix-animation-input-array" count="17">

0.000000 0.033333 0.066667 0.100000 0.133333 0.166667 0.200000 0.233333 0.266667 0.300000 0.333333 0.366667 0.400000 0.433333 0.466667 0.500000
0.533333</float_array><technique_common><accessor source="#mixamorig_Spine2-Matrix-animation-input-array" count="17"><param name="TIME" type="float"/></accessor></technique_common></source><source id="mixamorig_Spine2-Matrix-animation-output-transform"><float_array id="mixamorig_Spine2-Matrix-animation-output-transform-array" count="272">

0.989878 -0.077698 0.118766 -0.109100 0.101986 0.971378 -0.214531 27.807600 -0.098698 0.224472 0.969469 -1.195400 0.000000 0.000000 0.000000 1.000000
0.996288 -0.055742 0.065599 -0.109100 0.065563 0.985162 -0.158610 27.807600 -0.055785 0.162322 0.985160 -1.195400 0.000000 0.000000 0.000000 1.000000
0.998466 -0.014143 0.053523 -0.109100 0.021399 0.990265 -0.137537 27.807600 -0.051057 0.138472 0.989049 -1.195400 0.000000 0.000000 0.000000 1.000000
0.997570 0.026157 0.064576 -0.109100 -0.015576 0.987121 -0.159217 27.807600 -0.067909 0.157825 0.985129 -1.195400 0.000000 0.000000 0.000000 1.000000
0.997388 0.042118 0.058685 -0.109100 -0.029122 0.977928 -0.206901 27.807600 -0.066104 0.204652 0.976600 -1.195400 0.000000 0.000000 0.000000 1.000000
0.999694 0.015121 0.019573 -0.109100 -0.010154 0.972502 -0.232675 27.807600 -0.022553 0.232405 0.972358 -1.195400 0.000000 0.000000 0.000000 1.000000
0.998915 -0.031500 -0.034309 -0.109100 0.023029 0.974312 -0.224024 27.807600 0.040484 0.222991 0.973980 -1.195400 0.000000 0.000000 0.000000 1.000000
0.996209 -0.057125 -0.065610 -0.109100 0.043062 0.979124 -0.198650 27.807600 0.075588 0.195071 0.977872 -1.195400 0.000000 0.000000 0.000000 1.000000
0.995852 -0.071908 -0.055745 -0.109100 0.061194 0.982753 -0.174506 27.807600 0.067332 0.170371 0.983077 -1.195400 0.000000 0.000000 0.000000 1.000000
0.994892 -0.094446 -0.035639 -0.109100 0.087524 0.982964 -0.161622 27.807600 0.050296 0.157677 0.986209 -1.195400 0.000000 0.000000 0.000000 1.000000
0.991518 -0.125234 -0.034771 -0.109100 0.117704 0.978663 -0.168415 27.807600 0.055121 0.162894 0.985103 -1.195400 0.000000 0.000000 0.000000 1.000000
0.986276 -0.156422 -0.052830 -0.109100 0.142860 0.968939 -0.201860 27.807600 0.082764 0.191542 0.977989 -1.195400 0.000000 0.000000 0.000000 1.000000
0.985285 -0.160640 -0.058384 -0.109100 0.141833 0.959045 -0.245187 27.807600 0.095380 0.233298 0.967716 -1.195400 0.000000 0.000000 0.000000 1.000000
0.991314 -0.129836 -0.020956 -0.109100 0.119555 0.956037 -0.267769 27.807600 0.054801 0.262938 0.963255 -1.195400 0.000000 0.000000 0.000000 1.000000
0.993816 -0.098828 0.050616 -0.109100 0.108641 0.959635 -0.259420 27.807600 -0.022935 0.263314 0.964437 -1.195400 0.000000 0.000000 0.000000 1.000000
0.991059 -0.083567 0.104014 -0.109100 0.106060 0.966404 -0.234125 27.807600 -0.080955 0.243063 0.966626 -1.195400 0.000000 0.000000 0.000000 1.000000
0.989878 -0.077698 0.118766 -0.109100 0.101986 0.971378 -0.214531 27.807600 -0.098698 0.224472 0.969470 -1.195400 0.000000 0.000000 0.000000 1.000000</float_array><technique_common><accessor source="#mixamorig_Spine2-Matrix-animation-output-transform-array" count="17" stride="16"><param type="float4x4"/></accessor></technique_common></source><source id="mixamorig_Spine2-Interpolations"><Name_array id="mixamorig_Spine2-Interpolations-array" count="17">
 LINEAR LINEAR LINEAR LINEAR LINEAR LINEAR LINEAR LINEAR LINEAR LINEAR LINEAR
LINEAR LINEAR LINEAR LINEAR LINEAR LINEAR</Name_array><technique_common><accessor source="#mixamorig_Spine2-Interpolations-array" count="17"><param type="name"/></accessor></technique_common></source><sampler id="mixamorig_Spine2-Matrix-animation-transform"><input semantic="INPUT" source="#mixamorig_Spine2-Matrix-animation-input"/><input semantic="OUTPUT" source="#mixamorig_Spine2-Matrix-animation-output-transform"/><input semantic="INTERPOLATION" source="#mixamorig_Spine2-Interpolations"/></sampler><channel source="#mixamorig_Spine2-Matrix-animation-transform" target="mixamorig_Spine2/matrix"/></animation>
    <animation id="mixamorig_Neck-anim" name="mixamorig_Neck"><source id="mixamorig_Neck-Matrix-animation-input"><float_array id="mixamorig_Neck-Matrix-animation-input-array" count="17">

0.000000 0.033333 0.066667 0.100000 0.133333 0.166667 0.200000 0.233333 0.266667 0.300000 0.333333 0.366667 0.400000 0.433333 0.466667 0.500000
0.533333</float_array><technique_common><accessor source="#mixamorig_Neck-Matrix-animation-input-array" count="17"><param name="TIME" type="float"/></accessor></technique_common></source><source id="mixamorig_Neck-Matrix-animation-output-transform"><float_array id="mixamorig_Neck-Matrix-animation-output-transform-array" count="272">

0.995420 0.095427 0.005643 0.573000 -0.095505 0.995304 0.015745 31.061899 -0.004114 -0.016212 0.999860 3.761700 0.000000 0.000000 0.000000 1.000000
0.998143 0.060871 -0.002341 0.573000 -0.060915 0.997569 -0.033841 31.061899 0.000275 0.033920 0.999425 3.761700 0.000000 0.000000 0.000000 1.000000
0.999166 0.039661 -0.009737 0.573000 -0.040191 0.997255 -0.062182 31.061899 0.007244 0.062522 0.998017 3.761700 0.000000 0.000000 0.000000 1.000000
0.999438 0.030451 -0.014040 0.573000 -0.031214 0.997840 -0.057802 31.061899 0.012250 0.058208 0.998229 3.761700 0.000000 0.000000 0.000000 1.000000
0.999457 0.030366 -0.012769 0.573000 -0.030694 0.999182 -0.026326 31.061899 0.011959 0.026704 0.999572 3.761700 0.000000 0.000000 0.000000 1.000000
0.999335 0.035997 -0.005812 0.573000 -0.035954 0.999326 0.007409 31.061899 0.006075 -0.007195 0.999956 3.761700 0.000000 0.000000 0.000000 1.000000
0.999049 0.043455 0.003580 0.573000 -0.043517 0.998862 0.019505 31.061899 -0.002728 -0.019642 0.999803 3.761700 0.000000 0.000000 0.000000 1.000000
0.998748 0.048695 0.011428 0.573000 -0.048793 0.998773 0.008427 31.061899 -0.011004 -0.008974 0.999899 3.761700 0.000000 0.000000 0.000000 1.000000
0.998652 0.049011 0.017115 0.573000 -0.048829 0.998748 -0.010881 31.061899 -0.017627 0.010031 0.999794 3.761700 0.000000 0.000000 0.000000 1.000000
0.998682 0.045945 0.022887 0.573000 -0.045375 0.998662 -0.024818 31.061899 -0.023997 0.023747 0.999430 3.761700 0.000000 0.000000 0.000000 1.000000
0.998588 0.044015 0.029758 0.573000 -0.043232 0.998715 -0.026448 31.061899 -0.030884 0.025124 0.999207 3.761700 0.000000 0.000000 0.000000 1.000000
0.998356 0.045455 0.034927 0.573000 -0.045026 0.998901 -0.012981 31.061899 -0.035479 0.011387 0.999306 3.761700 0.000000 0.000000 0.000000 1.000000
0.998103 0.050950 0.034549 0.573000 -0.051345 0.998624 0.010632 31.061899 -0.033960 -0.012386 0.999346 3.761700 0.000000 0.000000 0.000000 1.000000
0.997750 0.060689 0.028498 0.573000 -0.061587 0.997595 0.031791 31.061899 -0.026500 -0.033475 0.999088 3.761700 0.000000 0.000000 0.000000 1.000000
0.997155 0.072629 0.020197 0.573000 -0.073376 0.996537 0.039123 31.061899 -0.017286 -0.040494 0.999030 3.761700 0.000000 0.000000 0.000000 1.000000
0.996388 0.084005 0.012444 0.573000 -0.084360 0.995939 0.031444 31.061899 -0.009752 -0.032380 0.999428 3.761700 0.000000 0.000000 0.000000 1.000000
0.995420 0.095427 0.005643 0.573000 -0.095505 0.995304 0.015745 31.061899 -0.004114 -0.016212 0.999860 3.761700 0.000000 0.000000 0.000000 1.000000</float_array><technique_common><accessor source="#mixamorig_Neck-Matrix-animation-output-transform-array" count="17" stride="16"><param type="float4x4"/></accessor></technique_common></source><source id="mixamorig_Neck-Interpolations"><Name_array id="mixamorig_Neck-Interpolations-array" count="17">
 LINEAR LINEAR LINEAR LINEAR LINEAR LINEAR LINEAR LINEAR LINEAR LINEAR LINEAR
LINEAR LINEAR LINEAR LINEAR LINEAR LINEAR</Name_array><technique_common><accessor source="#mixamorig_Neck-Interpolations-array" count="17"><param type="name"/></accessor></technique_common></source><sampler id="mixamorig_Neck-Matrix-animation-transform"><input semantic="INPUT" source="#mixamorig_Neck-Matrix-animation-input"/><input semantic="OUTPUT" source="#mixamorig_Neck-Matrix-animation-output-transform"/><input semantic="INTERPOLATION" source="#mixamorig_Neck-Interpolations"/></sampler><channel source="#mixamorig_Neck-Matrix-animation-transform" target="mixamorig_Neck/matrix"/></animation>
    <animation id="mixamorig_Head-anim" name="mixamorig_Head"><source id="mixamorig_Head-Matrix-animation-input"><float_array id="mixamorig_Head-Matrix-animation-input-array" count="17">

0.000000 0.033333 0.066667 0.100000 0.133333 0.166667 0.200000 0.233333 0.266667 0.300000 0.333333 0.366667 0.400000 0.433333 0.466667 0.500000
0.533333</float_array><technique_common><accessor source="#mixamorig_Head-Matrix-animation-input-array" count="17"><param name="TIME" type="float"/></accessor></technique_common></source><source id="mixamorig_Head-Matrix-animation-output-transform"><float_array id="mixamorig_Head-Matrix-animation-output-transform-array" count="272">

0.981682 0.190526 0.000797 1.041900 -0.162892 0.837115 0.522212 22.231001 0.098828 -0.512776 0.852815 6.513500 0.000000 0.000000 0.000000 1.000000
0.991724 0.109226 -0.067480 1.041900 -0.068061 0.892914 0.445053 22.231001 0.108866 -0.436776 0.892958 6.513500 0.000000 0.000000 0.000000 1.000000
0.985897 0.027112 -0.165145 1.041900 0.042991 0.912647 0.406482 22.231001 0.161740 -0.407849 0.898610 6.513500 0.000000 0.000000 0.000000 1.000000
0.968116 -0.045743 -0.246289 1.041900 0.148079 0.897515 0.415379 22.231001 0.202047 -0.438605 0.875672 6.513500 0.000000 0.000000 0.000000 1.000000
0.960632 -0.094830 -0.261140 1.041900 0.212337 0.856754 0.469984 22.231001 0.179164 -0.506931 0.843161 6.513500 0.000000 0.000000 0.000000 1.000000
0.973783 -0.111306 -0.198390 1.041900 0.203798 0.814322 0.543457 22.231001 0.101063 -0.569641 0.815657 6.513500 0.000000 0.000000 0.000000 1.000000
0.990730 -0.097936 -0.094142 1.041900 0.134723 0.797287 0.588374 22.231001 0.017435 -0.595603 0.803090 6.513500 0.000000 0.000000 0.000000 1.000000
0.997986 -0.062975 0.007620 1.041900 0.046918 0.813643 0.579469 22.231001 -0.042693 -0.577944 0.814959 6.513500 0.000000 0.000000 0.000000 1.000000
0.994851 -0.018073 0.099725 1.041900 -0.037869 0.846417 0.531173 22.231001 -0.094009 -0.532215 0.841374 6.513500 0.000000 0.000000 0.000000 1.000000
0.979433 0.020285 0.200747 1.041900 -0.116495 0.869200 0.480542 22.231001 -0.164742 -0.494045 0.853686 6.513500 0.000000 0.000000 0.000000 1.000000
0.951402 0.040147 0.305325 1.041900 -0.185291 0.866544 0.463431 22.231001 -0.245972 -0.497483 0.831870 6.513500 0.000000 0.000000 0.000000 1.000000
0.926189 0.048993 0.373863 1.041900 -0.241326 0.838866 0.487919 22.231001 -0.289716 -0.542128 0.788772 6.513500 0.000000 0.000000 0.000000 1.000000
0.924049 0.071527 0.375523 1.041900 -0.277596 0.800926 0.530527 22.231001 -0.262819 -0.594476 0.759950 6.513500 0.000000 0.000000 0.000000 1.000000
0.941266 0.118986 0.316007 1.041900 -0.287108 0.774600 0.563528 22.231001 -0.177727 -0.621158 0.763267 6.513500 0.000000 0.000000 0.000000 1.000000
0.959807 0.169702 0.223544 1.041900 -0.270137 0.774652 0.571786 22.231001 -0.076136 -0.609192 0.789359 6.513500 0.000000 0.000000 0.000000 1.000000
0.973776 0.194677 0.117730 1.041900 -0.227109 0.801207 0.553615 22.231001 0.013450 -0.565835 0.824409 6.513500 0.000000 0.000000 0.000000 1.000000
0.981682 0.190526 0.000797 1.041900 -0.162892 0.837115 0.522212 22.231001 0.098828 -0.512776 0.852815 6.513500 0.000000 0.000000 0.000000 1.000000</float_array><technique_common><accessor source="#mixamorig_Head-Matrix-animation-output-transform-array" count="17" stride="16"><param type="float4x4"/></accessor></technique_common></source><source id="mixamorig_Head-Interpolations"><Name_array id="mixamorig_Head-Interpolations-array" count="17">
 LINEAR LINEAR LINEAR LINEAR LINEAR LINEAR LINEAR LINEAR LINEAR LINEAR LINEAR
LINEAR LINEAR LINEAR LINEAR LINEAR LINEAR</Name_array><technique_common><accessor source="#mixamorig_Head-Interpolations-array" count="17"><param type="name"/></accessor></technique_common></source><sampler id="mixamorig_Head-Matrix-animation-transform"><input semantic="INPUT" source="#mixamorig_Head-Matrix-animation-input"/><input semantic="OUTPUT" source="#mixamorig_Head-Matrix-animation-output-transform"/><input semantic="INTERPOLATION" source="#mixamorig_Head-Interpolations"/></sampler><channel source="#mixamorig_Head-Matrix-animation-transform" target="mixamorig_Head/matrix"/></animation>
    <animation id="mixamorig_LeftShoulder-anim" name="mixamorig_LeftShoulder"><source id="mixamorig_LeftShoulder-Matrix-animation-input"><float_array id="mixamorig_LeftShoulder-Matrix-animation-input-array" count="17">

0.000000 0.033333 0.066667 0.100000 0.133333 0.166667 0.200000 0.233333 0.266667 0.300000 0.333333 0.366667 0.400000 0.433333 0.466667 0.500000
0.533333</float_array><technique_common><accessor source="#mixamorig_LeftShoulder-Matrix-animation-input-array" count="17"><param name="TIME" type="float"/></accessor></technique_common></source><source id="mixamorig_LeftShoulder-Matrix-animation-output-transform"><float_array id="mixamorig_LeftShoulder-Matrix-animation-output-transform-array" count="272">

0.982733 -0.148520 0.110348 12.954100 0.158416 0.983526 -0.087065 18.894800 -0.095599 0.103043 0.990072 2.678200 0.000000 0.000000 0.000000 1.000000
0.975897 -0.203825 0.077984 12.954100 0.209664 0.974825 -0.075876 18.894800 -0.060555 0.090398 0.994063 2.678200 0.000000 0.000000 0.000000 1.000000
0.989242 -0.143155 0.030106 12.954100 0.145156 0.986118 -0.080631 18.894800 -0.018145 0.084133 0.996289 2.678200 0.000000 0.000000 0.000000 1.000000
0.999194 -0.026194 -0.030429 12.954100 0.023688 0.996514 -0.079996 18.894800 0.032418 0.079210 0.996331 2.678200 0.000000 0.000000 0.000000 1.000000
0.988390 0.114749 -0.099593 12.954100 -0.121226 0.990711 -0.061611 18.894800 0.091598 0.072969 0.993119 2.678200 0.000000 0.000000 0.000000 1.000000
0.967363 0.200346 -0.155147 12.954100 -0.207167 0.977877 -0.028948 18.894800 0.145915 0.060145 0.987467 2.678200 0.000000 0.000000 0.000000 1.000000
0.963967 0.164077 -0.209396 12.954100 -0.168284 0.985736 -0.002311 18.894800 0.206030 0.037466 0.977828 2.678200 0.000000 0.000000 0.000000 1.000000
0.961119 0.025731 -0.274934 12.954100 -0.026974 0.999636 -0.000743 18.894800 0.274815 0.008130 0.961463 2.678200 0.000000 0.000000 0.000000 1.000000
0.948514 -0.122478 -0.292096 12.954100 0.122060 0.992327 -0.019729 18.894800 0.292271 -0.016940 0.956185 2.678200 0.000000 0.000000 0.000000 1.000000
0.949537 -0.172848 -0.261732 12.954100 0.171562 0.984777 -0.027941 18.894800 0.262577 -0.018372 0.964736 2.678200 0.000000 0.000000 0.000000 1.000000
0.968979 -0.075187 -0.235430 12.954100 0.073005 0.997169 -0.017981 18.894800 0.236116 0.000235 0.971725 2.678200 0.000000 0.000000 0.000000 1.000000
0.982538 0.044002 -0.180783 12.954100 -0.048026 0.998685 -0.017943 18.894800 0.179756 0.026313 0.983359 2.678200 0.000000 0.000000 0.000000 1.000000
0.990412 0.102867 -0.092209 12.954100 -0.106864 0.993489 -0.039502 18.894800 0.087545 0.048977 0.994956 2.678200 0.000000 0.000000 0.000000 1.000000
0.993346 0.114226 -0.014725 12.954100 -0.114972 0.991003 -0.068516 18.894800 0.006766 0.069753 0.997541 2.678200 0.000000 0.000000 0.000000 1.000000
0.998427 0.047301 0.030103 12.954100 -0.044483 0.995105 -0.088242 18.894800 -0.034129 0.086764 0.995644 2.678200 0.000000 0.000000 0.000000 1.000000
0.993836 -0.072581 0.083796 12.954100 0.080155 0.992631 -0.090881 18.894800 -0.076583 0.097038 0.992330 2.678200 0.000000 0.000000 0.000000 1.000000
0.982733 -0.148520 0.110348 12.954100 0.158416 0.983526 -0.087065 18.894800 -0.095600 0.103043 0.990072 2.678200 0.000000 0.000000 0.000000 1.000000</float_array><technique_common><accessor source="#mixamorig_LeftShoulder-Matrix-animation-output-transform-array" count="17" stride="16"><param type="float4x4"/></accessor></technique_common></source><source id="mixamorig_LeftShoulder-Interpolations"><Name_array id="mixamorig_LeftShoulder-Interpolations-array" count="17">
 LINEAR LINEAR LINEAR LINEAR LINEAR LINEAR LINEAR LINEAR LINEAR LINEAR LINEAR
LINEAR LINEAR LINEAR LINEAR LINEAR LINEAR</Name_array><technique_common><accessor source="#mixamorig_LeftShoulder-Interpolations-array" count="17"><param type="name"/></accessor></technique_common></source><sampler id="mixamorig_LeftShoulder-Matrix-animation-transform"><input semantic="INPUT" source="#mixamorig_LeftShoulder-Matrix-animation-input"/><input semantic="OUTPUT" source="#mixamorig_LeftShoulder-Matrix-animation-output-transform"/><input semantic="INTERPOLATION" source="#mixamorig_LeftShoulder-Interpolations"/></sampler><channel source="#mixamorig_LeftShoulder-Matrix-animation-transform" target="mixamorig_LeftShoulder/matrix"/></animation>
    <animation id="mixamorig_LeftArm-anim" name="mixamorig_LeftArm"><source id="mixamorig_LeftArm-Matrix-animation-input"><float_array id="mixamorig_LeftArm-Matrix-animation-input-array" count="17">

0.000000 0.033333 0.066667 0.100000 0.133333 0.166667 0.200000 0.233333 0.266667 0.300000 0.333333 0.366667 0.400000 0.433333 0.466667 0.500000
0.533333</float_array><technique_common><accessor source="#mixamorig_LeftArm-Matrix-animation-input-array" count="17"><param name="TIME" type="float"/></accessor></technique_common></source><source id="mixamorig_LeftArm-Matrix-animation-output-transform"><float_array id="mixamorig_LeftArm-Matrix-animation-output-transform-array" count="272">

0.764629 0.640441 0.071962 26.266600 -0.351583 0.508106 -0.786269 0.548600 -0.540123 0.575903 0.613680 -4.054200 0.000000 0.000000 0.000000 1.000000
0.658439 0.745197 0.105546 26.266600 -0.373939 0.445609 -0.813389 0.548600 -0.653168 0.496099 0.572065 -4.054200 0.000000 0.000000 0.000000 1.000000
0.670610 0.741810 -0.000309 26.266600 -0.566353 0.511724 -0.646052 0.548600 -0.479090 0.433424 0.763293 -4.054200 0.000000 0.000000 0.000000 1.000000
0.768988 0.615545 -0.172516 26.266600 -0.628656 0.679215 -0.378758 0.548600 -0.115967 0.399714 0.909275 -4.054200 0.000000 0.000000 0.000000 1.000000
0.798350 0.459403 -0.389340 26.266600 -0.532057 0.840933 -0.098732 0.548600 0.282051 0.285974 0.915787 -4.054200 0.000000 0.000000 0.000000 1.000000
0.671555 0.384545 -0.633355 26.266600 -0.353156 0.917563 0.182647 0.548600 0.651379 0.101015 0.751998 -4.054200 0.000000 0.000000 0.000000 1.000000
0.562330 0.404519 -0.721214 26.266600 -0.115390 0.902030 0.415966 0.548600 0.818823 -0.150689 0.553915 -4.054200 0.000000 0.000000 0.000000 1.000000
0.601587 0.348234 -0.718907 26.266600 0.077377 0.870339 0.486337 0.548600 0.795051 -0.348201 0.496639 -4.054200 0.000000 0.000000 0.000000 1.000000
0.618226 0.203218 -0.759276 26.266600 0.178100 0.904655 0.387143 0.548600 0.765557 -0.374569 0.523088 -4.054200 0.000000 0.000000 0.000000 1.000000
0.580399 0.152015 -0.800017 26.266600 0.033981 0.977045 0.210305 0.548600 0.813623 -0.149246 0.561911 -4.054200 0.000000 0.000000 0.000000 1.000000
0.574901 0.224058 -0.786948 26.266600 -0.267655 0.960361 0.077898 0.548600 0.773207 0.165847 0.612083 -4.054200 0.000000 0.000000 0.000000 1.000000
0.579772 0.452703 -0.677440 26.266600 -0.573460 0.817357 0.055420 0.548600 0.578799 0.356354 0.733487 -4.054200 0.000000 0.000000 0.000000 1.000000
0.599512 0.688516 -0.408082 26.266600 -0.750994 0.660223 0.010646 0.548600 0.276755 0.300084 0.912883 -4.054200 0.000000 0.000000 0.000000 1.000000
0.662093 0.725302 -0.188596 26.266600 -0.749243 0.635135 -0.187720 0.548600 -0.016369 0.265592 0.963946 -4.054200 0.000000 0.000000 0.000000 1.000000
0.717445 0.695703 -0.035639 26.266600 -0.637459 0.635029 -0.436331 0.548600 -0.280925 0.335763 0.899080 -4.054200 0.000000 0.000000 0.000000 1.000000
0.747898 0.662185 0.046474 26.266600 -0.490802 0.598752 -0.632937 0.548600 -0.446948 0.450563 0.772807 -4.054200 0.000000 0.000000 0.000000 1.000000
0.764629 0.640440 0.071962 26.266600 -0.351583 0.508106 -0.786268 0.548600 -0.540122 0.575903 0.613680 -4.054200 0.000000 0.000000 0.000000 1.000000</float_array><technique_common><accessor source="#mixamorig_LeftArm-Matrix-animation-output-transform-array" count="17" stride="16"><param type="float4x4"/></accessor></technique_common></source><source id="mixamorig_LeftArm-Interpolations"><Name_array id="mixamorig_LeftArm-Interpolations-array" count="17">
 LINEAR LINEAR LINEAR LINEAR LINEAR LINEAR LINEAR LINEAR LINEAR LINEAR LINEAR
LINEAR LINEAR LINEAR LINEAR LINEAR LINEAR</Name_array><technique_common><accessor source="#mixamorig_LeftArm-Interpolations-array" count="17"><param type="name"/></accessor></technique_common></source><sampler id="mixamorig_LeftArm-Matrix-animation-transform"><input semantic="INPUT" source="#mixamorig_LeftArm-Matrix-animation-input"/><input semantic="OUTPUT" source="#mixamorig_LeftArm-Matrix-animation-output-transform"/><input semantic="INTERPOLATION" source="#mixamorig_LeftArm-Interpolations"/></sampler><channel source="#mixamorig_LeftArm-Matrix-animation-transform" target="mixamorig_LeftArm/matrix"/></animation>
    <animation id="mixamorig_LeftForeArm-anim" name="mixamorig_LeftForeArm"><source id="mixamorig_LeftForeArm-Matrix-animation-input"><float_array id="mixamorig_LeftForeArm-Matrix-animation-input-array" count="17">

0.000000 0.033333 0.066667 0.100000 0.133333 0.166667 0.200000 0.233333 0.266667 0.300000 0.333333 0.366667 0.400000 0.433333 0.466667 0.500000
0.533333</float_array><technique_common><accessor source="#mixamorig_LeftForeArm-Matrix-animation-input-array" count="17"><param name="TIME" type="float"/></accessor></technique_common></source><source id="mixamorig_LeftForeArm-Matrix-animation-output-transform"><float_array id="mixamorig_LeftForeArm-Matrix-animation-output-transform-array" count="272">

-0.057566 0.643031 -0.763673 54.670399 0.524736 0.670245 0.524808 0.932100 0.849316 -0.370516 -0.376005 7.024200 0.000000 0.000000 0.000000 1.000000
-0.126093 0.681619 -0.720761 54.670399 0.574814 0.642359 0.506915 0.932100 0.808510 -0.350385 -0.472801 7.024200 0.000000 0.000000 0.000000 1.000000
-0.090888 0.653645 -0.751324 54.670399 0.559919 0.657446 0.504238 0.932100 0.823547 -0.374852 -0.425742 7.024200 0.000000 0.000000 0.000000 1.000000
0.105953 0.530532 -0.841017 54.670399 0.444017 0.731533 0.517406 0.932100 0.889732 -0.428246 -0.158058 7.024200 0.000000 0.000000 0.000000 1.000000
0.213134 0.461215 -0.861310 54.670399 0.387379 0.769421 0.507868 0.932100 0.896946 -0.441897 -0.014675 7.024200 0.000000 0.000000 0.000000 1.000000
0.147507 0.505988 -0.849834 54.670399 0.426288 0.742805 0.516255 0.932100 0.892480 -0.438425 -0.106127 7.024200 0.000000 0.000000 0.000000 1.000000
0.073292 0.565306 -0.821618 54.670399 0.469974 0.707048 0.528401 0.932100 0.879632 -0.424867 -0.213859 7.024200 0.000000 0.000000 0.000000 1.000000
0.013124 0.608949 -0.793100 54.670399 0.499187 0.683267 0.532878 0.932100 0.866395 -0.402899 -0.295012 7.024200 0.000000 0.000000 0.000000 1.000000
0.006725 0.619943 -0.784618 54.670399 0.498812 0.677967 0.539951 0.932100 0.866684 -0.395008 -0.304676 7.024200 0.000000 0.000000 0.000000 1.000000
0.023981 0.612629 -0.790006 54.670399 0.489504 0.681827 0.543598 0.932100 0.871671 -0.399747 -0.283534 7.024200 0.000000 0.000000 0.000000 1.000000
0.058396 0.587756 -0.806928 54.670399 0.472178 0.695914 0.541065 0.932100 0.879567 -0.412609 -0.236887 7.024200 0.000000 0.000000 0.000000 1.000000
0.166065 0.510332 -0.843791 54.670399 0.414437 0.740316 0.529314 0.932100 0.894798 -0.437599 -0.088560 7.024200 0.000000 0.000000 0.000000 1.000000
0.269243 0.433187 -0.860150 54.670399 0.360440 0.782896 0.507106 0.932100 0.893079 -0.446567 0.054651 7.024200 0.000000 0.000000 0.000000 1.000000
0.232366 0.458146 -0.857967 54.670399 0.375506 0.771463 0.513653 0.932100 0.897219 -0.441527 0.007225 7.024200 0.000000 0.000000 0.000000 1.000000
0.130723 0.525430 -0.840735 54.670399 0.425441 0.736233 0.526270 0.932100 0.895495 -0.426479 -0.127297 7.024200 0.000000 0.000000 0.000000 1.000000
0.045512 0.581312 -0.812407 54.670399 0.472189 0.704145 0.530299 0.932100 0.880322 -0.407744 -0.242442 7.024200 0.000000 0.000000 0.000000 1.000000
-0.057566 0.643032 -0.763673 54.670399 0.524736 0.670245 0.524808 0.932100 0.849316 -0.370516 -0.376005 7.024200 0.000000 0.000000 0.000000 1.000000</float_array><technique_common><accessor source="#mixamorig_LeftForeArm-Matrix-animation-output-transform-array" count="17" stride="16"><param type="float4x4"/></accessor></technique_common></source><source id="mixamorig_LeftForeArm-Interpolations"><Name_array id="mixamorig_LeftForeArm-Interpolations-array" count="17">
 LINEAR LINEAR LINEAR LINEAR LINEAR LINEAR LINEAR LINEAR LINEAR LINEAR LINEAR
LINEAR LINEAR LINEAR LINEAR LINEAR LINEAR</Name_array><technique_common><accessor source="#mixamorig_LeftForeArm-Interpolations-array" count="17"><param type="name"/></accessor></technique_common></source><sampler id="mixamorig_LeftForeArm-Matrix-animation-transform"><input semantic="INPUT" source="#mixamorig_LeftForeArm-Matrix-animation-input"/><input semantic="OUTPUT" source="#mixamorig_LeftForeArm-Matrix-animation-output-transform"/><input semantic="INTERPOLATION" source="#mixamorig_LeftForeArm-Interpolations"/></sampler><channel source="#mixamorig_LeftForeArm-Matrix-animation-transform" target="mixamorig_LeftForeArm/matrix"/></animation>
    <animation id="mixamorig_LeftHand-anim" name="mixamorig_LeftHand"><source id="mixamorig_LeftHand-Matrix-animation-input"><float_array id="mixamorig_LeftHand-Matrix-animation-input-array" count="17">

0.000000 0.033333 0.066667 0.100000 0.133333 0.166667 0.200000 0.233333 0.266667 0.300000 0.333333 0.366667 0.400000 0.433333 0.466667 0.500000
0.533333</float_array><technique_common><accessor source="#mixamorig_LeftHand-Matrix-animation-input-array" count="17"><param name="TIME" type="float"/></accessor></technique_common></source><source id="mixamorig_LeftHand-Matrix-animation-output-transform"><float_array id="mixamorig_LeftHand-Matrix-animation-output-transform-array" count="272">

0.944827 -0.316659 -0.083842 52.455700 0.309637 0.946877 -0.086886 -0.932400 0.106901 0.056132 0.992684 5.705800 0.000000 0.000000 0.000000 1.000000
0.912051 -0.384290 -0.143124 52.455700 0.353671 0.913786 -0.199779 -0.932400 0.207558 0.131590 0.969332 5.705800 0.000000 0.000000 0.000000 1.000000
0.925720 -0.326947 -0.190124 52.455700 0.253461 0.909407 -0.329752 -0.932400 0.280712 0.257069 0.924725 5.705800 0.000000 0.000000 0.000000 1.000000
0.936691 -0.290216 -0.195920 52.455700 0.237091 0.937409 -0.255054 -0.932400 0.257678 0.192456 0.946870 5.705800 0.000000 0.000000 0.000000 1.000000
0.905378 -0.305739 -0.294642 52.455700 0.300010 0.951675 -0.065645 -0.932400 0.300474 -0.028962 0.953350 5.705800 0.000000 0.000000 0.000000 1.000000
