<?xml version="1.0" encoding="utf-8"?>
<COLLADA xmlns="http://www.collada.org/2005/11/COLLADASchema" version="1.4.1">
  <asset><contributor><author>Mixamo</author><authoring_tool>COLLADA Mixamo exporter</authoring_tool><comments></comments></contributor><created>2018-12-18T23:53:46Z</created><modified>2018-12-18T23:53:46Z</modified><revision></revision><title></title><unit meter="0.010000"/><up_axis>Y_UP</up_axis></asset>
  <library_animations>
    <animation id="mixamorig_Hips-anim" name="mixamorig_Hips"><source id="mixamorig_Hips-Matrix-animation-input"><float_array id="mixamorig_Hips-Matrix-animation-input-array" count="56">

0.000000 0.033333 0.066667 0.100000 0.133333 0.166667 0.200000 0.233333 0.266667 0.300000 0.333333 0.366667 0.400000 0.433333 0.466667 0.500000
0.533333 0.566667 0.600000 0.633333 0.666667 0.700000 0.733333 0.766667 0.800000 0.833333 0.866667 0.900000 0.933333 0.966667 1.000000 1.033333
1.066667 1.100000 1.133333 1.166667 1.200000 1.233333 1.266667 1.300000 1.333333 1.366667 1.400000 1.433333 1.466667 1.500000 1.533333 1.566667
1.600000 1.633333 1.666667 1.700000 1.733333 1.766667 1.800000 1.833333</float_array><technique_common><accessor source="#mixamorig_Hips-Matrix-animation-input-array" count="56"><param name="TIME" type="float"/></accessor></technique_common></source><source id="mixamorig_Hips-Matrix-animation-output-transform"><float_array id="mixamorig_Hips-Matrix-animation-output-transform-array" count="896">

0.638370 -0.127769 -0.759052 4.393811 0.041854 0.990430 -0.131517 152.537247 0.768591 0.052187 0.637608 -2.308342 0.000000 0.000000 0.000000 1.000000
0.638060 -0.126437 -0.759535 4.373874 0.041668 0.990650 -0.129906 152.550949 0.768858 0.051240 0.637363 -2.313318 0.000000 0.000000 0.000000 1.000000
0.636879 -0.124174 -0.760899 4.325449 0.041216 0.991017 -0.127229 152.618835 0.769862 0.049669 0.636275 -2.305903 0.000000 0.000000 0.000000 1.000000
0.634878 -0.122560 -0.762829 4.279885 0.040852 0.991282 -0.125265 152.782318 0.771531 0.048365 0.634350 -2.267562 0.000000 0.000000 0.000000 1.000000
0.631194 -0.122877 -0.765830 4.244973 0.040644 0.991255 -0.125548 153.197739 0.774559 0.048119 0.630668 -2.145234 0.000000 0.000000 0.000000 1.000000
0.626956 -0.124329 -0.769070 4.230260 0.040483 0.991049 -0.127212 153.772507 0.778002 0.048623 0.626377 -1.960063 0.000000 0.000000 0.000000 1.000000
0.621562 -0.126263 -0.773122 4.207670 0.040383 0.990777 -0.129342 154.480881 0.782323 0.049173 0.620929 -1.700822 0.000000 0.000000 0.000000 1.000000
0.615550 -0.128162 -0.777607 4.189683 0.039994 0.990497 -0.131590 155.256317 0.787083 0.049900 0.614826 -1.377852 0.000000 0.000000 0.000000 1.000000
0.610001 -0.129567 -0.781736 4.178032 0.039350 0.990277 -0.133426 156.072556 0.791423 0.050629 0.609169 -1.020448 0.000000 0.000000 0.000000 1.000000
0.605766 -0.131087 -0.784770 4.177667 0.039162 0.990051 -0.135147 156.868713 0.794679 0.051134 0.604873 -0.641268 0.000000 0.000000 0.000000 1.000000
0.602670 -0.133056 -0.786820 4.188794 0.039537 0.989769 -0.137093 157.571762 0.797011 0.051513 0.601764 -0.283647 0.000000 0.000000 0.000000 1.000000
0.599802 -0.136478 -0.788423 4.251145 0.040802 0.989281 -0.140206 158.154037 0.799107 0.051927 0.598942 0.027156 0.000000 0.000000 0.000000 1.000000
0.597180 -0.138390 -0.790079 4.302917 0.040972 0.988981 -0.142261 158.646606 0.801060 0.052584 0.596270 0.330604 0.000000 0.000000 0.000000 1.000000
0.595105 -0.140555 -0.791261 4.368786 0.041340 0.988637 -0.144524 159.018814 0.802584 0.053296 0.594153 0.604428 0.000000 0.000000 0.000000 1.000000
0.593227 -0.142140 -0.792387 4.414956 0.042020 0.988415 -0.145845 159.304962 0.803938 0.053223 0.592327 0.871655 0.000000 0.000000 0.000000 1.000000
0.591517 -0.143012 -0.793508 4.454380 0.042928 0.988334 -0.146124 159.513397 0.805149 0.052371 0.590756 1.118509 0.000000 0.000000 0.000000 1.000000
0.589992 -0.142913 -0.794661 4.494322 0.043761 0.988424 -0.145269 159.668060 0.806222 0.050933 0.589416 1.313713 0.000000 0.000000 0.000000 1.000000
0.588531 -0.143593 -0.795620 4.502753 0.045042 0.988396 -0.145066 159.812103 0.807219 0.049539 0.588170 1.483799 0.000000 0.000000 0.000000 1.000000
0.587450 -0.145398 -0.796092 4.509715 0.046521 0.988168 -0.146150 159.951294 0.807922 0.048821 0.587263 1.590086 0.000000 0.000000 0.000000 1.000000
0.588334 -0.146570 -0.795223 4.493175 0.048266 0.988047 -0.146401 160.099701 0.807176 0.047751 0.588376 1.667095 0.000000 0.000000 0.000000 1.000000
0.589980 -0.147314 -0.793865 4.479279 0.049707 0.987977 -0.146394 160.257706 0.805887 0.046908 0.590209 1.696831 0.000000 0.000000 0.000000 1.000000
0.591503 -0.147969 -0.792609 4.467620 0.050520 0.987887 -0.146722 160.403198 0.804718 0.046744 0.591814 1.654844 0.000000 0.000000 0.000000 1.000000
0.594034 -0.147972 -0.790714 4.466329 0.051135 0.987895 -0.146456 160.538010 0.802813 0.046567 0.594409 1.570788 0.000000 0.000000 0.000000 1.000000
0.597242 -0.147312 -0.788417 4.453587 0.051170 0.987984 -0.145838 160.625778 0.800427 0.046758 0.597603 1.438556 0.000000 0.000000 0.000000 1.000000
0.600625 -0.145978 -0.786092 4.428264 0.050921 0.988179 -0.144598 160.663284 0.797908 0.046821 0.600958 1.294314 0.000000 0.000000 0.000000 1.000000
0.604172 -0.144183 -0.783701 4.395824 0.050702 0.988457 -0.142766 160.639679 0.795240 0.046520 0.604508 1.168567 0.000000 0.000000 0.000000 1.000000
0.607116 -0.142055 -0.781812 4.342571 0.050284 0.988787 -0.140614 160.558563 0.793021 0.046057 0.607451 1.057703 0.000000 0.000000 0.000000 1.000000
0.609874 -0.139994 -0.780036 4.279120 0.050411 0.989134 -0.138107 160.398285 0.790894 0.044905 0.610304 0.955115 0.000000 0.000000 0.000000 1.000000
0.612418 -0.137733 -0.778443 4.227101 0.050636 0.989518 -0.135243 160.148178 0.788910 0.043408 0.612973 0.815843 0.000000 0.000000 0.000000 1.000000
0.614635 -0.136021 -0.776996 4.182548 0.051221 0.989824 -0.132761 159.787766 0.787147 0.041801 0.615347 0.630907 0.000000 0.000000 0.000000 1.000000
0.616951 -0.135588 -0.775234 4.149246 0.052527 0.989945 -0.131338 159.345871 0.785247 0.040309 0.617870 0.397529 0.000000 0.000000 0.000000 1.000000
0.620502 -0.136268 -0.772275 4.128178 0.054111 0.989880 -0.131188 158.858978 0.782336 0.039614 0.621596 0.136550 0.000000 0.000000 0.000000 1.000000
0.624662 -0.135968 -0.768967 4.094895 0.055145 0.989947 -0.130245 158.343140 0.778946 0.038954 0.625880 -0.116801 0.000000 0.000000 0.000000 1.000000
0.628046 -0.135622 -0.766267 4.028210 0.056574 0.990048 -0.128860 157.826294 0.776117 0.037579 0.629469 -0.342220 0.000000 0.000000 0.000000 1.000000
0.630658 -0.136059 -0.764041 3.952124 0.058292 0.990035 -0.128188 157.302383 0.773869 0.036305 0.632305 -0.548149 0.000000 0.000000 0.000000 1.000000
0.632584 -0.135476 -0.762551 3.875629 0.059495 0.990173 -0.126560 156.836517 0.772203 0.034692 0.634428 -0.716723 0.000000 0.000000 0.000000 1.000000
0.634093 -0.135287 -0.761330 3.804181 0.061325 0.990273 -0.124893 156.415802 0.770821 0.032505 0.636222 -0.837621 0.000000 0.000000 0.000000 1.000000
0.634344 -0.135112 -0.761152 3.762651 0.062217 0.990337 -0.123943 156.057892 0.770543 0.031266 0.636620 -0.968068 0.000000 0.000000 0.000000 1.000000
0.635748 -0.134780 -0.760039 3.693425 0.063096 0.990417 -0.122857 155.707703 0.769314 0.030151 0.638159 -1.044080 0.000000 0.000000 0.000000 1.000000
0.637359 -0.134402 -0.758755 3.633759 0.063833 0.990496 -0.121832 155.390182 0.767918 0.029217 0.639881 -1.107381 0.000000 0.000000 0.000000 1.000000
0.636481 -0.133875 -0.759585 3.569324 0.062851 0.990548 -0.121916 155.106583 0.768727 0.029857 0.638879 -1.228894 0.000000 0.000000 0.000000 1.000000
0.638444 -0.133260 -0.758044 3.526374 0.062744 0.990631 -0.121303 154.862717 0.767107 0.029883 0.640823 -1.321175 0.000000 0.000000 0.000000 1.000000
0.638779 -0.132366 -0.757919 3.501996 0.061123 0.990707 -0.121507 154.632065 0.766959 0.031290 0.640933 -1.451246 0.000000 0.000000 0.000000 1.000000
0.638271 -0.132313 -0.758356 3.523441 0.059214 0.990638 -0.123003 154.416061 0.767531 0.033604 0.640130 -1.599268 0.000000 0.000000 0.000000 1.000000
0.638288 -0.132200 -0.758361 3.568599 0.057375 0.990573 -0.124389 154.206482 0.767657 0.035885 0.639856 -1.745184 0.000000 0.000000 0.000000 1.000000
0.638418 -0.131639 -0.758349 3.660471 0.054920 0.990546 -0.125710 153.976654 0.767728 0.038608 0.639612 -1.903224 0.000000 0.000000 0.000000 1.000000
0.638367 -0.131238 -0.758462 3.744352 0.052593 0.990492 -0.127121 153.734543 0.767933 0.041260 0.639200 -2.046600 0.000000 0.000000 0.000000 1.000000
0.637683 -0.130688 -0.759132 3.851625 0.050432 0.990472 -0.128150 153.484604 0.768647 0.043435 0.638197 -2.181619 0.000000 0.000000 0.000000 1.000000
0.636661 -0.129415 -0.760207 3.955847 0.048209 0.990569 -0.128257 153.276825 0.769636 0.045007 0.636895 -2.279849 0.000000 0.000000 0.000000 1.000000
0.635625 -0.128345 -0.761255 4.066217 0.045994 0.990628 -0.128614 153.095474 0.770627 0.046737 0.635571 -2.357557 0.000000 0.000000 0.000000 1.000000
0.635488 -0.128395 -0.761360 4.183878 0.044844 0.990550 -0.129616 152.938477 0.770807 0.048227 0.635240 -2.400711 0.000000 0.000000 0.000000 1.000000
0.635680 -0.128479 -0.761186 4.279147 0.043926 0.990475 -0.130497 152.820282 0.770702 0.049518 0.635269 -2.405148 0.000000 0.000000 0.000000 1.000000
0.636430 -0.128324 -0.760586 4.333613 0.043158 0.990444 -0.130992 152.716904 0.770126 0.050542 0.635886 -2.381735 0.000000 0.000000 0.000000 1.000000
0.637333 -0.128089 -0.759868 4.368890 0.042499 0.990430 -0.131308 152.626190 0.769416 0.051393 0.636677 -2.349379 0.000000 0.000000 0.000000 1.000000
0.638082 -0.127871 -0.759276 4.387965 0.042036 0.990428 -0.131474 152.561798 0.768820 0.051974 0.637350 -2.320724 0.000000 0.000000 0.000000 1.000000
0.638369 -0.127769 -0.759052 4.393828 0.041854 0.990430 -0.131517 152.537262 0.768591 0.052187 0.637608 -2.308336 0.000000 0.000000 0.000000 1.000000</float_array><technique_common><accessor source="#mixamorig_Hips-Matrix-animation-output-transform-array" count="56" stride="16"><param type="float4x4"/></accessor></technique_common></source><source id="mixamorig_Hips-Interpolations"><Name_array id="mixamorig_Hips-Interpolations-array" count="56">
 LINEAR LINEAR LINEAR LINEAR LINEAR LINEAR LINEAR LINEAR LINEAR LINEAR LINEAR
LINEAR LINEAR LINEAR LINEAR LINEAR LINEAR LINEAR LINEAR LINEAR LINEAR LINEAR LINEAR
LINEAR LINEAR LINEAR LINEAR LINEAR LINEAR LINEAR LINEAR LINEAR LINEAR LINEAR LINEAR
LINEAR LINEAR LINEAR LINEAR LINEAR LINEAR LINEAR LINEAR LINEAR LINEAR LINEAR LINEAR
LINEAR LINEAR LINEAR LINEAR LINEAR LINEAR LINEAR LINEAR LINEAR</Name_array><technique_common><accessor source="#mixamorig_Hips-Interpolations-array" count="56"><param type="name"/></accessor></technique_common></source><sampler id="mixamorig_Hips-Matrix-animation-transform"><input semantic="INPUT" source="#mixamorig_Hips-Matrix-animation-input"/><input semantic="OUTPUT" source="#mixamorig_Hips-Matrix-animation-output-transform"/><input semantic="INTERPOLATION" source="#mixamorig_Hips-Interpolations"/></sampler><channel source="#mixamorig_Hips-Matrix-animation-transform" target="mixamorig_Hips/matrix"/></animation>
    <animation id="mixamorig_Spine-anim" name="mixamorig_Spine"><source id="mixamorig_Spine-Matrix-animation-input"><float_array id="mixamorig_Spine-Matrix-animation-input-array" count="56">

0.000000 0.033333 0.066667 0.100000 0.133333 0.166667 0.200000 0.233333 0.266667 0.300000 0.333333 0.366667 0.400000 0.433333 0.466667 0.500000
0.533333 0.566667 0.600000 0.633333 0.666667 0.700000 0.733333 0.766667 0.800000 0.833333 0.866667 0.900000 0.933333 0.966667 1.000000 1.033333
1.066667 1.100000 1.133333 1.166667 1.200000 1.233333 1.266667 1.300000 1.333333 1.366667 1.400000 1.433333 1.466667 1.500000 1.533333 1.566667
1.600000 1.633333 1.666667 1.700000 1.733333 1.766667 1.800000 1.833333</float_array><technique_common><accessor source="#mixamorig_Spine-Matrix-animation-input-array" count="56"><param name="TIME" type="float"/></accessor></technique_common></source><source id="mixamorig_Spine-Matrix-animation-output-transform"><float_array id="mixamorig_Spine-Matrix-animation-output-transform-array" count="896">

0.998672 0.005634 0.051202 -0.200200 0.004752 0.979688 -0.200472 19.804701 -0.051292 0.200449 0.978360 -3.890100 0.000000 0.000000 0.000000 1.000000
0.998664 0.005740 0.051354 -0.200200 0.004693 0.979628 -0.200767 19.804701 -0.051461 0.200740 0.978292 -3.890100 0.000000 0.000000 0.000000 1.000000
0.998648 0.006015 0.051640 -0.200200 0.004503 0.979542 -0.201188 19.804701 -0.051793 0.201148 0.978191 -3.890100 0.000000 0.000000 0.000000 1.000000
0.998634 0.006393 0.051857 -0.200200 0.004169 0.979575 -0.201037 19.804701 -0.052083 0.200979 0.978210 -3.890100 0.000000 0.000000 0.000000 1.000000
0.998637 0.006921 0.051734 -0.200200 0.003535 0.979927 -0.199328 19.804701 -0.052076 0.199239 0.978566 -3.890100 0.000000 0.000000 0.000000 1.000000
0.998658 0.007397 0.051264 -0.200200 0.002845 0.980421 -0.196893 19.804701 -0.051716 0.196774 0.979084 -3.890100 0.000000 0.000000 0.000000 1.000000
0.998660 0.008177 0.051103 -0.200200 0.001894 0.981003 -0.193986 19.804701 -0.051718 0.193822 0.979672 -3.890100 0.000000 0.000000 0.000000 1.000000
0.998656 0.008952 0.051043 -0.200200 0.000970 0.981566 -0.191121 19.804701 -0.051813 0.190914 0.980238 -3.890100 0.000000 0.000000 0.000000 1.000000
0.998654 0.009489 0.051001 -0.200200 0.000289 0.982097 -0.188374 19.804701 -0.051875 0.188136 0.980772 -3.890100 0.000000 0.000000 0.000000 1.000000
0.998660 0.009814 0.050804 -0.200200 -0.000203 0.982584 -0.185820 19.804701 -0.051743 0.185561 0.981269 -3.890100 0.000000 0.000000 0.000000 1.000000
0.998684 0.010124 0.050281 -0.200200 -0.000726 0.983018 -0.183510 19.804701 -0.051285 0.183232 0.981731 -3.890100 0.000000 0.000000 0.000000 1.000000
0.998694 0.010181 0.050075 -0.200200 -0.000959 0.983510 -0.180851 19.804701 -0.051090 0.180567 0.982235 -3.890100 0.000000 0.000000 0.000000 1.000000
0.998697 0.009759 0.050094 -0.200200 -0.000655 0.983918 -0.178620 19.804701 -0.051031 0.178354 0.982642 -3.890100 0.000000 0.000000 0.000000 1.000000
0.998701 0.009413 0.050081 -0.200200 -0.000416 0.984266 -0.176693 19.804701 -0.050957 0.176442 0.982991 -3.890100 0.000000 0.000000 0.000000 1.000000
0.998704 0.009359 0.050031 -0.200200 -0.000461 0.984573 -0.174974 19.804701 -0.050897 0.174724 0.983301 -3.890100 0.000000 0.000000 0.000000 1.000000
0.998703 0.009240 0.050066 -0.200200 -0.000414 0.984834 -0.173496 19.804701 -0.050910 0.173250 0.983561 -3.890100 0.000000 0.000000 0.000000 1.000000
0.998698 0.008913 0.050236 -0.200200 -0.000115 0.985015 -0.172469 19.804701 -0.051020 0.172238 0.983733 -3.890100 0.000000 0.000000 0.000000 1.000000
0.998688 0.008828 0.050450 -0.200200 -0.000093 0.985344 -0.170579 19.804701 -0.051216 0.170351 0.984052 -3.890100 0.000000 0.000000 0.000000 1.000000
0.998679 0.008871 0.050605 -0.200200 -0.000225 0.985725 -0.168366 19.804701 -0.051376 0.168132 0.984425 -3.890100 0.000000 0.000000 0.000000 1.000000
0.998681 0.008865 0.050582 -0.200200 -0.000330 0.986075 -0.166302 19.804701 -0.051352 0.166066 0.984777 -3.890100 0.000000 0.000000 0.000000 1.000000
0.998680 0.008728 0.050608 -0.200200 -0.000282 0.986369 -0.164547 19.804701 -0.051354 0.164315 0.985070 -3.890100 0.000000 0.000000 0.000000 1.000000
0.998664 0.008573 0.050951 -0.200200 -0.000158 0.986642 -0.162902 19.804701 -0.051666 0.162676 0.985326 -3.890100 0.000000 0.000000 0.000000 1.000000
0.998657 0.008301 0.051141 -0.200200 0.000070 0.986864 -0.161553 19.804701 -0.051810 0.161340 0.985538 -3.890100 0.000000 0.000000 0.000000 1.000000
0.998654 0.007993 0.051246 -0.200200 0.000326 0.987066 -0.160317 19.804701 -0.051864 0.160118 0.985734 -3.890100 0.000000 0.000000 0.000000 1.000000
0.998651 0.007694 0.051345 -0.200200 0.000578 0.987250 -0.159175 19.804701 -0.051915 0.158990 0.985914 -3.890100 0.000000 0.000000 0.000000 1.000000
0.998646 0.007370 0.051494 -0.200200 0.000874 0.987396 -0.158268 19.804701 -0.052011 0.158098 0.986053 -3.890100 0.000000 0.000000 0.000000 1.000000
0.998629 0.006886 0.051890 -0.200200 0.001356 0.987573 -0.157153 19.804701 -0.052327 0.157008 0.986210 -3.890100 0.000000 0.000000 0.000000 1.000000
0.998617 0.006443 0.052175 -0.200200 0.001807 0.987667 -0.156561 19.804701 -0.052540 0.156439 0.986289 -3.890100 0.000000 0.000000 0.000000 1.000000
0.998609 0.006081 0.052384 -0.200200 0.002218 0.987607 -0.156931 19.804701 -0.052689 0.156828 0.986219 -3.890100 0.000000 0.000000 0.000000 1.000000
0.998602 0.005979 0.052517 -0.200200 0.002411 0.987395 -0.158254 19.804701 -0.052801 0.158160 0.986001 -3.890100 0.000000 0.000000 0.000000 1.000000
0.998605 0.006228 0.052435 -0.200200 0.002252 0.987093 -0.160134 19.804701 -0.052756 0.160029 0.985702 -3.890100 0.000000 0.000000 0.000000 1.000000
0.998633 0.006393 0.051879 -0.200200 0.002127 0.986702 -0.162527 19.804701 -0.052228 0.162415 0.985339 -3.890100 0.000000 0.000000 0.000000 1.000000
0.998665 0.006093 0.051297 -0.200200 0.002495 0.986170 -0.165718 19.804701 -0.051597 0.165624 0.984838 -3.890100 0.000000 0.000000 0.000000 1.000000
0.998678 0.006109 0.051044 -0.200200 0.002601 0.985638 -0.168850 19.804701 -0.051343 0.168759 0.984319 -3.890100 0.000000 0.000000 0.000000 1.000000
0.998684 0.006471 0.050872 -0.200200 0.002362 0.985149 -0.171686 19.804701 -0.051228 0.171580 0.983837 -3.890100 0.000000 0.000000 0.000000 1.000000
0.998705 0.006437 0.050460 -0.200200 0.002480 0.984622 -0.174683 19.804701 -0.050809 0.174582 0.983331 -3.890100 0.000000 0.000000 0.000000 1.000000
0.998697 0.007060 0.050550 -0.200200 0.002018 0.984150 -0.177325 19.804701 -0.051001 0.177196 0.982853 -3.890100 0.000000 0.000000 0.000000 1.000000
0.998701 0.007341 0.050415 -0.200200 0.001834 0.983742 -0.179576 19.804701 -0.050913 0.179436 0.982451 -3.890100 0.000000 0.000000 0.000000 1.000000
0.998720 0.007472 0.050020 -0.200200 0.001741 0.983361 -0.181656 19.804701 -0.050545 0.181511 0.982089 -3.890100 0.000000 0.000000 0.000000 1.000000
0.998729 0.007580 0.049834 -0.200200 0.001696 0.983015 -0.183518 19.804701 -0.050379 0.183369 0.981752 -3.890100 0.000000 0.000000 0.000000 1.000000
0.998715 0.007683 0.050085 -0.200200 0.001715 0.982748 -0.184942 19.804701 -0.050642 0.184790 0.981472 -3.890100 0.000000 0.000000 0.000000 1.000000
0.998766 0.007576 0.049082 -0.200200 0.001736 0.982368 -0.186951 19.804701 -0.049633 0.186806 0.981142 -3.890100 0.000000 0.000000 0.000000 1.000000
0.998767 0.007405 0.049083 -0.200200 0.001983 0.982070 -0.188508 19.804701 -0.049599 0.188373 0.980844 -3.890100 0.000000 0.000000 0.000000 1.000000
0.998758 0.007229 0.049303 -0.200200 0.002260 0.981829 -0.189752 19.804701 -0.049779 0.189628 0.980593 -3.890100 0.000000 0.000000 0.000000 1.000000
0.998762 0.006948 0.049257 -0.200200 0.002592 0.981582 -0.191025 19.804701 -0.049677 0.190916 0.980349 -3.890100 0.000000 0.000000 0.000000 1.000000
0.998768 0.006345 0.049206 -0.200200 0.003254 0.981275 -0.192582 19.804701 -0.049507 0.192505 0.980046 -3.890100 0.000000 0.000000 0.000000 1.000000
0.998770 0.006169 0.049190 -0.200200 0.003477 0.981067 -0.193637 19.804701 -0.049453 0.193570 0.979839 -3.890100 0.000000 0.000000 0.000000 1.000000
0.998759 0.005993 0.049440 -0.200200 0.003772 0.980779 -0.195087 19.804701 -0.049659 0.195032 0.979539 -3.890100 0.000000 0.000000 0.000000 1.000000
0.998740 0.005701 0.049850 -0.200200 0.004218 0.980465 -0.196649 19.804701 -0.049997 0.196612 0.979206 -3.890100 0.000000 0.000000 0.000000 1.000000
0.998725 0.005434 0.050197 -0.200200 0.004613 0.980213 -0.197893 19.804701 -0.050279 0.197872 0.978938 -3.890100 0.000000 0.000000 0.000000 1.000000
0.998720 0.005384 0.050288 -0.200200 0.004712 0.980085 -0.198523 19.804701 -0.050356 0.198506 0.978805 -3.890100 0.000000 0.000000 0.000000 1.000000
0.998710 0.005470 0.050490 -0.200200 0.004698 0.979969 -0.199093 19.804701 -0.050568 0.199073 0.978679 -3.890100 0.000000 0.000000 0.000000 1.000000
0.998697 0.005534 0.050726 -0.200200 0.004708 0.979867 -0.199595 19.804701 -0.050810 0.199574 0.978565 -3.890100 0.000000 0.000000 0.000000 1.000000
0.998685 0.005588 0.050964 -0.200200 0.004726 0.979777 -0.200038 19.804701 -0.051051 0.200016 0.978462 -3.890100 0.000000 0.000000 0.000000 1.000000
0.998676 0.005621 0.051131 -0.200200 0.004743 0.979713 -0.200351 19.804701 -0.051219 0.200328 0.978389 -3.890100 0.000000 0.000000 0.000000 1.000000
0.998672 0.005634 0.051203 -0.200200 0.004752 0.979688 -0.200473 19.804701 -0.051292 0.200450 0.978360 -3.890100 0.000000 0.000000 0.000000 1.000000</float_array><technique_common><accessor source="#mixamorig_Spine-Matrix-animation-output-transform-array" count="56" stride="16"><param type="float4x4"/></accessor></technique_common></source><source id="mixamorig_Spine-Interpolations"><Name_array id="mixamorig_Spine-Interpolations-array" count="56">
 LINEAR LINEAR LINEAR LINEAR LINEAR LINEAR LINEAR LINEAR LINEAR LINEAR LINEAR
LINEAR LINEAR LINEAR LINEAR LINEAR LINEAR LINEAR LINEAR LINEAR LINEAR LINEAR LINEAR
LINEAR LINEAR LINEAR LINEAR LINEAR LINEAR LINEAR LINEAR LINEAR LINEAR LINEAR LINEAR
LINEAR LINEAR LINEAR LINEAR LINEAR LINEAR LINEAR LINEAR LINEAR LINEAR LINEAR LINEAR
LINEAR LINEAR LINEAR LINEAR LINEAR LINEAR LINEAR LINEAR LINEAR</Name_array><technique_common><accessor source="#mixamorig_Spine-Interpolations-array" count="56"><param type="name"/></accessor></technique_common></source><sampler id="mixamorig_Spine-Matrix-animation-transform"><input semantic="INPUT" source="#mixamorig_Spine-Matrix-animation-input"/><input semantic="OUTPUT" source="#mixamorig_Spine-Matrix-animation-output-transform"/><input semantic="INTERPOLATION" source="#mixamorig_Spine-Interpolations"/></sampler><channel source="#mixamorig_Spine-Matrix-animation-transform" target="mixamorig_Spine/matrix"/></animation>
    <animation id="mixamorig_Spine1-anim" name="mixamorig_Spine1"><source id="mixamorig_Spine1-Matrix-animation-input"><float_array id="mixamorig_Spine1-Matrix-animation-input-array" count="56">

0.000000 0.033333 0.066667 0.100000 0.133333 0.166667 0.200000 0.233333 0.266667 0.300000 0.333333 0.366667 0.400000 0.433333 0.466667 0.500000
0.533333 0.566667 0.600000 0.633333 0.666667 0.700000 0.733333 0.766667 0.800000 0.833333 0.866667 0.900000 0.933333 0.966667 1.000000 1.033333
1.066667 1.100000 1.133333 1.166667 1.200000 1.233333 1.266667 1.300000 1.333333 1.366667 1.400000 1.433333 1.466667 1.500000 1.533333 1.566667
1.600000 1.633333 1.666667 1.700000 1.733333 1.766667 1.800000 1.833333</float_array><technique_common><accessor source="#mixamorig_Spine1-Matrix-animation-input-array" count="56"><param name="TIME" type="float"/></accessor></technique_common></source><source id="mixamorig_Spine1-Matrix-animation-output-transform"><float_array id="mixamorig_Spine1-Matrix-animation-output-transform-array" count="896">

0.994254 0.013869 0.106146 -0.270400 -0.000497 0.992159 -0.124980 23.500299 -0.107047 0.124209 0.986465 -2.360300 0.000000 0.000000 0.000000 1.000000
0.994268 0.014118 0.105981 -0.270400 -0.000704 0.992087 -0.125549 23.500299 -0.106915 0.124754 0.986410 -2.360300 0.000000 0.000000 0.000000 1.000000
0.994284 0.014720 0.105744 -0.270400 -0.001330 0.992081 -0.125591 23.500299 -0.106756 0.124733 0.986430 -2.360300 0.000000 0.000000 0.000000 1.000000
0.994269 0.015452 0.105781 -0.270400 -0.002126 0.992162 -0.124941 23.500299 -0.106882 0.124000 0.986509 -2.360300 0.000000 0.000000 0.000000 1.000000
0.994191 0.016360 0.106381 -0.270400 -0.003226 0.992466 -0.122480 23.500299 -0.107583 0.121426 0.986753 -2.360300 0.000000 0.000000 0.000000 1.000000
0.994132 0.017564 0.106739 -0.270400 -0.004835 0.992959 -0.118357 23.500299 -0.108067 0.117146 0.987218 -2.360300 0.000000 0.000000 0.000000 1.000000
0.994067 0.018829 0.107126 -0.270400 -0.006584 0.993514 -0.113523 23.500299 -0.108569 0.112144 0.987743 -2.360300 0.000000 0.000000 0.000000 1.000000
0.993992 0.020330 0.107553 -0.270400 -0.008613 0.994081 -0.108300 23.500299 -0.109118 0.106723 0.988283 -2.360300 0.000000 0.000000 0.000000 1.000000
0.993942 0.021273 0.107832 -0.270400 -0.010062 0.994582 -0.103463 23.500299 -0.109449 0.101751 0.988771 -2.360300 0.000000 0.000000 0.000000 1.000000
0.993946 0.021632 0.107721 -0.270400 -0.010946 0.995046 -0.098813 23.500299 -0.109325 0.097036 0.989258 -2.360300 0.000000 0.000000 0.000000 1.000000
0.993975 0.021649 0.107452 -0.270400 -0.011467 0.995461 -0.094482 23.500299 -0.109010 0.092680 0.989711 -2.360300 0.000000 0.000000 0.000000 1.000000
0.993996 0.022143 0.107155 -0.270400 -0.012605 0.995962 -0.088881 23.500299 -0.108690 0.086997 0.990262 -2.360300 0.000000 0.000000 0.000000 1.000000
0.994003 0.021970 0.107123 -0.270400 -0.012959 0.996373 -0.084102 23.500299 -0.108582 0.082209 0.990682 -2.360300 0.000000 0.000000 0.000000 1.000000
0.994016 0.021640 0.107069 -0.270400 -0.013133 0.996746 -0.079536 23.500299 -0.108442 0.077654 0.991065 -2.360300 0.000000 0.000000 0.000000 1.000000
0.994017 0.020945 0.107195 -0.270400 -0.012784 0.997006 -0.076255 23.500299 -0.108472 0.074429 0.991309 -2.360300 0.000000 0.000000 0.000000 1.000000
0.993996 0.020171 0.107539 -0.270400 -0.012272 0.997211 -0.073612 23.500299 -0.108723 0.071851 0.991472 -2.360300 0.000000 0.000000 0.000000 1.000000
0.993935 0.019323 0.108258 -0.270400 -0.011740 0.997461 -0.070244 23.500299 -0.109341 0.068547 0.991638 -2.360300 0.000000 0.000000 0.000000 1.000000
0.993869 0.018690 0.108975 -0.270400 -0.011452 0.997709 -0.066670 23.500299 -0.109971 0.065014 0.991806 -2.360300 0.000000 0.000000 0.000000 1.000000
0.993776 0.018263 0.109887 -0.270400 -0.011478 0.998006 -0.062063 23.500299 -0.110801 0.060415 0.992005 -2.360300 0.000000 0.000000 0.000000 1.000000
0.993753 0.017789 0.110174 -0.270400 -0.011437 0.998250 -0.058021 23.500299 -0.111013 0.056399 0.992217 -2.360300 0.000000 0.000000 0.000000 1.000000
0.993715 0.017213 0.110604 -0.270400 -0.011288 0.998478 -0.053982 23.500299 -0.111365 0.052394 0.992397 -2.360300 0.000000 0.000000 0.000000 1.000000
0.993675 0.016370 0.111093 -0.270400 -0.010861 0.998689 -0.050014 23.500299 -0.111766 0.048491 0.992551 -2.360300 0.000000 0.000000 0.000000 1.000000
0.993639 0.015600 0.111523 -0.270400 -0.010446 0.998857 -0.046647 23.500299 -0.112123 0.045185 0.992666 -2.360300 0.000000 0.000000 0.000000 1.000000
0.993602 0.014713 0.111979 -0.270400 -0.009873 0.998998 -0.043652 23.500299 -0.112509 0.042267 0.992751 -2.360300 0.000000 0.000000 0.000000 1.000000
0.993549 0.013847 0.112557 -0.270400 -0.009240 0.999102 -0.041348 23.500299 -0.113029 0.040042 0.992785 -2.360300 0.000000 0.000000 0.000000 1.000000
0.993517 0.013085 0.112929 -0.270400 -0.008671 0.999183 -0.039485 23.500299 -0.113353 0.038249 0.992818 -2.360300 0.000000 0.000000 0.000000 1.000000
0.993465 0.012566 0.113439 -0.270400 -0.008230 0.999220 -0.038611 23.500299 -0.113836 0.037425 0.992794 -2.360300 0.000000 0.000000 0.000000 1.000000
0.993424 0.012467 0.113816 -0.270400 -0.008095 0.999214 -0.038798 23.500299 -0.114210 0.037621 0.992744 -2.360300 0.000000 0.000000 0.000000 1.000000
0.993397 0.012630 0.114029 -0.270400 -0.008065 0.999151 -0.040404 23.500299 -0.114443 0.039217 0.992655 -2.360300 0.000000 0.000000 0.000000 1.000000
0.993380 0.012939 0.114141 -0.270400 -0.008095 0.999051 -0.042800 23.500299 -0.114586 0.041593 0.992542 -2.360300 0.000000 0.000000 0.000000 1.000000
0.993404 0.013269 0.113901 -0.270400 -0.008064 0.998907 -0.046042 23.500299 -0.114387 0.044819 0.992425 -2.360300 0.000000 0.000000 0.000000 1.000000
0.993492 0.013185 0.113137 -0.270400 -0.007658 0.998762 -0.049149 23.500299 -0.113645 0.047963 0.992363 -2.360300 0.000000 0.000000 0.000000 1.000000
0.993632 0.012630 0.111964 -0.270400 -0.006732 0.998577 -0.052902 23.500299 -0.112472 0.051812 0.992303 -2.360300 0.000000 0.000000 0.000000 1.000000
0.993777 0.012434 0.110691 -0.270400 -0.006064 0.998315 -0.057705 23.500299 -0.111222 0.056675 0.992178 -2.360300 0.000000 0.000000 0.000000 1.000000
0.993889 0.012373 0.109686 -0.270400 -0.005552 0.998044 -0.062268 23.500299 -0.110242 0.061278 0.992014 -2.360300 0.000000 0.000000 0.000000 1.000000
0.993916 0.011999 0.109483 -0.270400 -0.004560 0.997678 -0.067948 23.500299 -0.110044 0.067035 0.991664 -2.360300 0.000000 0.000000 0.000000 1.000000
0.993991 0.012320 0.108763 -0.270400 -0.004345 0.997304 -0.073259 23.500299 -0.109373 0.072346 0.991365 -2.360300 0.000000 0.000000 0.000000 1.000000
0.994008 0.013158 0.108508 -0.270400 -0.004653 0.996922 -0.078265 23.500299 -0.109204 0.077292 0.991010 -2.360300 0.000000 0.000000 0.000000 1.000000
0.994101 0.013765 0.107585 -0.270400 -0.004898 0.996599 -0.082254 23.500299 -0.108351 0.081242 0.990787 -2.360300 0.000000 0.000000 0.000000 1.000000
0.994223 0.014113 0.106402 -0.270400 -0.004911 0.996261 -0.086255 23.500299 -0.107221 0.085234 0.990575 -2.360300 0.000000 0.000000 0.000000 1.000000
0.994200 0.014102 0.106618 -0.270400 -0.004455 0.995915 -0.090181 23.500299 -0.107455 0.089183 0.990202 -2.360300 0.000000 0.000000 0.000000 1.000000
0.994321 0.014488 0.105429 -0.270400 -0.004579 0.995596 -0.093638 23.500299 -0.106321 0.092623 0.990008 -2.360300 0.000000 0.000000 0.000000 1.000000
0.994385 0.014267 0.104856 -0.270400 -0.004065 0.995288 -0.096876 23.500299 -0.105744 0.095906 0.989758 -2.360300 0.000000 0.000000 0.000000 1.000000
0.994412 0.013886 0.104649 -0.270400 -0.003417 0.995026 -0.099561 23.500299 -0.105511 0.098647 0.989513 -2.360300 0.000000 0.000000 0.000000 1.000000
0.994454 0.013420 0.104311 -0.270400 -0.002672 0.994729 -0.102502 23.500299 -0.105137 0.101655 0.989248 -2.360300 0.000000 0.000000 0.000000 1.000000
0.994469 0.012796 0.104247 -0.270400 -0.001787 0.994468 -0.105023 23.500299 -0.105014 0.104256 0.988991 -2.360300 0.000000 0.000000 0.000000 1.000000
0.994476 0.012028 0.104270 -0.270400 -0.000735 0.994187 -0.107669 23.500299 -0.104959 0.106998 0.988704 -2.360300 0.000000 0.000000 0.000000 1.000000
0.994476 0.011600 0.104324 -0.270400 -0.000007 0.993883 -0.110442 23.500299 -0.104967 0.109831 0.988392 -2.360300 0.000000 0.000000 0.000000 1.000000
0.994444 0.011520 0.104637 -0.270400 0.000442 0.993529 -0.113577 23.500299 -0.105268 0.112992 0.988004 -2.360300 0.000000 0.000000 0.000000 1.000000
0.994375 0.011513 0.105289 -0.270400 0.000803 0.993226 -0.116195 23.500299 -0.105914 0.115626 0.987630 -2.360300 0.000000 0.000000 0.000000 1.000000
0.994354 0.011505 0.105492 -0.270400 0.001088 0.992947 -0.118551 23.500299 -0.106112 0.117996 0.987328 -2.360300 0.000000 0.000000 0.000000 1.000000
0.994340 0.011607 0.105607 -0.270400 0.001176 0.992751 -0.120184 23.500299 -0.106237 0.119628 0.987118 -2.360300 0.000000 0.000000 0.000000 1.000000
0.994316 0.012211 0.105766 -0.270400 0.000770 0.992550 -0.121832 23.500299 -0.106466 0.121221 0.986899 -2.360300 0.000000 0.000000 0.000000 1.000000
0.994289 0.012961 0.105934 -0.270400 0.000209 0.992360 -0.123374 23.500299 -0.106724 0.122692 0.986690 -2.360300 0.000000 0.000000 0.000000 1.000000
0.994265 0.013599 0.106073 -0.270400 -0.000287 0.992217 -0.124521 23.500299 -0.106941 0.123777 0.986531 -2.360300 0.000000 0.000000 0.000000 1.000000
0.994254 0.013869 0.106146 -0.270400 -0.000497 0.992159 -0.124980 23.500299 -0.107047 0.124209 0.986465 -2.360300 0.000000 0.000000 0.000000 1.000000</float_array><technique_common><accessor source="#mixamorig_Spine1-Matrix-animation-output-transform-array" count="56" stride="16"><param type="float4x4"/></accessor></technique_common></source><source id="mixamorig_Spine1-Interpolations"><Name_array id="mixamorig_Spine1-Interpolations-array" count="56">
 LINEAR LINEAR LINEAR LINEAR LINEAR LINEAR LINEAR LINEAR LINEAR LINEAR LINEAR
LINEAR LINEAR LINEAR LINEAR LINEAR LINEAR LINEAR LINEAR LINEAR LINEAR LINEAR LINEAR
LINEAR LINEAR LINEAR LINEAR LINEAR LINEAR LINEAR LINEAR LINEAR LINEAR LINEAR LINEAR
LINEAR LINEAR LINEAR LINEAR LINEAR LINEAR LINEAR LINEAR LINEAR LINEAR LINEAR LINEAR
LINEAR LINEAR LINEAR LINEAR LINEAR LINEAR LINEAR LINEAR LINEAR</Name_array><technique_common><accessor source="#mixamorig_Spine1-Interpolations-array" count="56"><param type="name"/></accessor></technique_common></source><sampler id="mixamorig_Spine1-Matrix-animation-transform"><input semantic="INPUT" source="#mixamorig_Spine1-Matrix-animation-input"/><input semantic="OUTPUT" source="#mixamorig_Spine1-Matrix-animation-output-transform"/><input semantic="INTERPOLATION" source="#mixamorig_Spine1-Interpolations"/></sampler><channel source="#mixamorig_Spine1-Matrix-animation-transform" target="mixamorig_Spine1/matrix"/></animation>
    <animation id="mixamorig_Spine2-anim" name="mixamorig_Spine2"><source id="mixamorig_Spine2-Matrix-animation-input"><float_array id="mixamorig_Spine2-Matrix-animation-input-array" count="56">

0.000000 0.033333 0.066667 0.100000 0.133333 0.166667 0.200000 0.233333 0.266667 0.300000 0.333333 0.366667 0.400000 0.433333 0.466667 0.500000
0.533333 0.566667 0.600000 0.633333 0.666667 0.700000 0.733333 0.766667 0.800000 0.833333 0.866667 0.900000 0.933333 0.966667 1.000000 1.033333
1.066667 1.100000 1.133333 1.166667 1.200000 1.233333 1.266667 1.300000 1.333333 1.366667 1.400000 1.433333 1.466667 1.500000 1.533333 1.566667
1.600000 1.633333 1.666667 1.700000 1.733333 1.766667 1.800000 1.833333</float_array><technique_common><accessor source="#mixamorig_Spine2-Matrix-animation-input-array" count="56"><param name="TIME" type="float"/></accessor></technique_common></source><source id="mixamorig_Spine2-Matrix-animation-output-transform"><float_array id="mixamorig_Spine2-Matrix-animation-output-transform-array" count="896">

0.994254 -0.008261 0.106731 -0.109100 -0.000455 0.996682 0.081387 27.807600 -0.107049 -0.080968 0.990951 -1.195400 0.000000 0.000000 0.000000 1.000000
0.994269 -0.008034 0.106605 -0.109100 -0.000611 0.996729 0.080809 27.807600 -0.106906 -0.080411 0.991012 -1.195400 0.000000 0.000000 0.000000 1.000000
0.994288 -0.007404 0.106470 -0.109100 -0.001224 0.996734 0.080741 27.807600 -0.106720 -0.080411 0.991032 -1.195400 0.000000 0.000000 0.000000 1.000000
0.994274 -0.006706 0.106648 -0.109100 -0.002008 0.996680 0.081389 27.807600 -0.106840 -0.081137 0.990960 -1.195400 0.000000 0.000000 0.000000 1.000000
0.994191 -0.005946 0.107467 -0.109100 -0.003110 0.996469 0.083901 27.807600 -0.107586 -0.083748 0.990662 -1.195400 0.000000 0.000000 0.000000 1.000000
0.994132 -0.004775 0.108068 -0.109100 -0.004787 0.996105 0.088050 27.807600 -0.108067 -0.088051 0.990237 -1.195400 0.000000 0.000000 0.000000 1.000000
0.994061 -0.003644 0.108760 -0.109100 -0.006519 0.995650 0.092943 27.807600 -0.108626 -0.093100 0.989713 -1.195400 0.000000 0.000000 0.000000 1.000000
0.993987 -0.002271 0.109475 -0.109100 -0.008540 0.995131 0.098185 27.807600 -0.109165 -0.098530 0.989128 -1.195400 0.000000 0.000000 0.000000 1.000000
0.993932 -0.001452 0.109984 -0.109100 -0.009949 0.994627 0.103041 27.807600 -0.109543 -0.103510 0.988578 -1.195400 0.000000 0.000000 0.000000 1.000000
0.993934 -0.001118 0.109977 -0.109100 -0.010800 0.994123 0.107714 27.807600 -0.109451 -0.108249 0.988080 -1.195400 0.000000 0.000000 0.000000 1.000000
0.993957 -0.001040 0.109766 -0.109100 -0.011341 0.993632 0.112106 27.807600 -0.109184 -0.112673 0.987615 -1.195400 0.000000 0.000000 0.000000 1.000000
0.993984 -0.000476 0.109523 -0.109100 -0.012486 0.992979 0.117633 27.807600 -0.108810 -0.118293 0.986999 -1.195400 0.000000 0.000000 0.000000 1.000000
0.993999 -0.000626 0.109389 -0.109100 -0.012836 0.992409 0.122310 27.807600 -0.108635 -0.122980 0.986445 -1.195400 0.000000 0.000000 0.000000 1.000000
0.994017 -0.000881 0.109221 -0.109100 -0.013054 0.991842 0.126802 27.807600 -0.108442 -0.127469 0.985897 -1.195400 0.000000 0.000000 0.000000 1.000000
0.994014 -0.001600 0.109238 -0.109100 -0.012703 0.991418 0.130115 27.807600 -0.108508 -0.130724 0.985463 -1.195400 0.000000 0.000000 0.000000 1.000000
0.993984 -0.002451 0.109497 -0.109100 -0.012184 0.991069 0.132790 27.807600 -0.108844 -0.133325 0.985077 -1.195400 0.000000 0.000000 0.000000 1.000000
0.993922 -0.003283 0.110042 -0.109100 -0.011801 0.990619 0.136143 27.807600 -0.109457 -0.136614 0.984559 -1.195400 0.000000 0.000000 0.000000 1.000000
0.993862 -0.004076 0.110555 -0.109100 -0.011485 0.990121 0.139747 27.807600 -0.110032 -0.140159 0.983996 -1.195400 0.000000 0.000000 0.000000 1.000000
0.993768 -0.004673 0.111371 -0.109100 -0.011525 0.989459 0.144354 27.807600 -0.110872 -0.144738 0.983239 -1.195400 0.000000 0.000000 0.000000 1.000000
0.993742 -0.005183 0.111576 -0.109100 -0.011501 0.988864 0.148374 27.807600 -0.111103 -0.148729 0.982617 -1.195400 0.000000 0.000000 0.000000 1.000000
0.993709 -0.005775 0.111848 -0.109100 -0.011412 0.988251 0.152412 27.807600 -0.111414 -0.152729 0.981968 -1.195400 0.000000 0.000000 0.000000 1.000000
0.993661 -0.006644 0.112219 -0.109100 -0.011055 0.987637 0.156367 27.807600 -0.111871 -0.156616 0.981303 -1.195400 0.000000 0.000000 0.000000 1.000000
0.993618 -0.007427 0.112556 -0.109100 -0.010712 0.987108 0.159698 27.807600 -0.112291 -0.159884 0.980728 -1.195400 0.000000 0.000000 0.000000 1.000000
0.993579 -0.008338 0.112831 -0.109100 -0.010195 0.986625 0.162688 27.807600 -0.112679 -0.162794 0.980205 -1.195400 0.000000 0.000000 0.000000 1.000000
0.993546 -0.009297 0.113048 -0.109100 -0.009545 0.986248 0.164996 27.807600 -0.113027 -0.165010 0.979794 -1.195400 0.000000 0.000000 0.000000 1.000000
0.993509 -0.010117 0.113302 -0.109100 -0.008987 0.985942 0.166849 27.807600 -0.113397 -0.166784 0.979451 -1.195400 0.000000 0.000000 0.000000 1.000000
0.993454 -0.010869 0.113716 -0.109100 -0.008408 0.985805 0.167684 27.807600 -0.113924 -0.167542 0.979260 -1.195400 0.000000 0.000000 0.000000 1.000000
0.993409 -0.011126 0.114078 -0.109100 -0.008186 0.985849 0.167438 27.807600 -0.114327 -0.167269 0.979260 -1.195400 0.000000 0.000000 0.000000 1.000000
0.993380 -0.011301 0.114320 -0.109100 -0.007866 0.986122 0.165833 27.807600 -0.114608 -0.165635 0.979505 -1.195400 0.000000 0.000000 0.000000 1.000000
0.993365 -0.011027 0.114477 -0.109100 -0.007881 0.986525 0.163419 27.807600 -0.114736 -0.163237 0.979892 -1.195400 0.000000 0.000000 0.000000 1.000000
0.993391 -0.010415 0.114304 -0.109100 -0.008083 0.987055 0.160180 27.807600 -0.114493 -0.160046 0.980447 -1.195400 0.000000 0.000000 0.000000 1.000000
0.993482 -0.010138 0.113535 -0.109100 -0.007882 0.987543 0.157153 27.807600 -0.113714 -0.157023 0.981026 -1.195400 0.000000 0.000000 0.000000 1.000000
0.993631 -0.010167 0.112225 -0.109100 -0.007215 0.988137 0.153405 27.807600 -0.112453 -0.153238 0.981770 -1.195400 0.000000 0.000000 0.000000 1.000000
0.993778 -0.010181 0.110917 -0.109100 -0.006462 0.988866 0.148666 27.807600 -0.111195 -0.148457 0.982647 -1.195400 0.000000 0.000000 0.000000 1.000000
0.993888 -0.010165 0.109925 -0.109100 -0.005827 0.989533 0.144191 27.807600 -0.110240 -0.143950 0.983425 -1.195400 0.000000 0.000000 0.000000 1.000000
0.993915 -0.010095 0.109689 -0.109100 -0.005234 0.990338 0.138577 27.807600 -0.110028 -0.138308 0.984259 -1.195400 0.000000 0.000000 0.000000 1.000000
0.993985 -0.009553 0.109099 -0.109100 -0.005110 0.991058 0.133334 27.807600 -0.109397 -0.133089 0.985048 -1.195400 0.000000 0.000000 0.000000 1.000000
0.993999 -0.008855 0.109027 -0.109100 -0.005244 0.991714 0.128359 27.807600 -0.109260 -0.128160 0.985717 -1.195400 0.000000 0.000000 0.000000 1.000000
0.994094 -0.008057 0.108227 -0.109100 -0.005497 0.992222 0.124356 27.807600 -0.108388 -0.124216 0.986318 -1.195400 0.000000 0.000000 0.000000 1.000000
0.994213 -0.007538 0.107160 -0.109100 -0.005447 0.992714 0.120368 27.807600 -0.107286 -0.120255 0.986929 -1.195400 0.000000 0.000000 0.000000 1.000000
0.994184 -0.007704 0.107423 -0.109100 -0.004890 0.993180 0.116486 27.807600 -0.107588 -0.116333 0.987366 -1.195400 0.000000 0.000000 0.000000 1.000000
0.994310 -0.006951 0.106302 -0.109100 -0.005136 0.993580 0.113014 27.807600 -0.106405 -0.112917 0.987891 -1.195400 0.000000 0.000000 0.000000 1.000000
0.994373 -0.007094 0.105694 -0.109100 -0.004576 0.993947 0.109761 27.807600 -0.105832 -0.109627 0.988322 -1.195400 0.000000 0.000000 0.000000 1.000000
